Cycle time(h) alpha_mass conn_solid total_solid frac_conn
5  0.011522 0.001496  0 412222 0.000000
5  0.011522 0.001496  0 412222 0.000000
5  0.011522 0.001496  0 412222 0.000000
10  0.046089 0.004433  0 412034 0.000000
10  0.046089 0.004433  0 412034 0.000000
10  0.046089 0.004433  0 412034 0.000000
15  0.103701 0.006090  0 412264 0.000000
15  0.103701 0.006090  0 412264 0.000000
15  0.103701 0.006090  0 412264 0.000000
20  0.184357 0.007881  0 412478 0.000000
20  0.184357 0.007881  0 412478 0.000000
20  0.184357 0.007881  0 412478 0.000000
25  0.288057 0.009957  0 412635 0.000000
25  0.288057 0.009957  0 412635 0.000000
25  0.288057 0.009957  0 412635 0.000000
30  0.414802 0.012222  0 412711 0.000000
30  0.414802 0.012222  0 412711 0.000000
30  0.414802 0.012222  0 412711 0.000000
35  0.564592 0.014030  0 413006 0.000000
35  0.564592 0.014030  0 413006 0.000000
35  0.564592 0.014030  0 413006 0.000000
40  0.737427 0.016230  0 413299 0.000000
40  0.737427 0.016230  0 413299 0.000000
40  0.737427 0.016230  0 413299 0.000000
45  0.933306 0.018517  0 413619 0.000000
45  0.933306 0.018517  0 413619 0.000000
45  0.933306 0.018517  0 413619 0.000000
50  1.152229 0.021420  0 413881 0.000000
50  1.152229 0.021420  0 413881 0.000000
50  1.152229 0.021420  0 413881 0.000000
55  1.394197 0.024139  0 414248 0.000000
55  1.394197 0.024139  0 414248 0.000000
55  1.394197 0.024139  0 414248 0.000000
60  1.659210 0.026422  0 414731 0.000000
60  1.659210 0.026422  0 414731 0.000000
60  1.659210 0.026422  0 414731 0.000000
65  1.947267 0.027584  0 415237 0.000000
65  1.947267 0.027584  0 415237 0.000000
65  1.947267 0.027584  0 415237 0.000000
70  2.258369 0.028856  0 415987 0.000000
70  2.258369 0.028856  0 415987 0.000000
70  2.258369 0.028856  0 415987 0.000000
75  2.592515 0.030144  0 416664 0.000000
75  2.592515 0.030144  0 416664 0.000000
75  2.592515 0.030144  0 416664 0.000000
80  2.949706 0.031568  0 417450 0.000000
80  2.949706 0.031568  0 417450 0.000000
80  2.949706 0.031568  0 417450 0.000000
85  3.329942 0.033254  0 418333 0.000000
85  3.329942 0.033254  0 418333 0.000000
85  3.329942 0.033254  0 418333 0.000000
90  3.733222 0.034851  0 419226 0.000000
90  3.733222 0.034851  0 419226 0.000000
90  3.733222 0.034851  0 419226 0.000000
95  4.159546 0.036427  0 420247 0.000000
95  4.159546 0.036427  0 420247 0.000000
95  4.159546 0.036427  0 420247 0.000000
100  4.608916 0.038356  0 421267 0.000000
100  4.608916 0.038356  0 421267 0.000000
100  4.608916 0.038356  0 421267 0.000000
105  5.081329 0.040258  0 422293 0.000000
105  5.081329 0.040258  0 422293 0.000000
105  5.081329 0.040258  0 422293 0.000000
110  5.576787 0.042245  0 423465 0.000000
110  5.576787 0.042245  0 423465 0.000000
110  5.576787 0.042245  0 423465 0.000000
115  6.095291 0.044476  0 424698 0.000000
115  6.095291 0.044476  0 424698 0.000000
115  6.095291 0.044476  0 424698 0.000000
120  6.636838 0.046805  0 425992 0.000000
120  6.636838 0.046805  0 425992 0.000000
120  6.636838 0.046805  0 425992 0.000000
125  7.201430 0.049394  0 427238 0.000000
125  7.201430 0.049394  0 427238 0.000000
125  7.201430 0.049394  0 427238 0.000000
130  7.789067 0.052246  0 428710 0.000000
130  7.789067 0.052246  174289 428710 0.406543
130  7.789067 0.052246  189087 428710 0.441060
135  8.399749 0.055399  173319 430316 0.402771
135  8.399749 0.055399  196171 430316 0.455877
135  8.399749 0.055399  208379 430316 0.484246
140  9.033475 0.058900  251463 431855 0.582286
140  9.033475 0.058900  252988 431855 0.585817
140  9.033475 0.058900  259692 431855 0.601341
145  9.690246 0.063147  274343 433649 0.632638
145  9.690246 0.063147  284756 433649 0.656651
145  9.690246 0.063147  291926 433649 0.673185
150  10.370061 0.067887  310156 435543 0.712113
150  10.370061 0.067887  315262 435543 0.723837
150  10.370061 0.067887  313431 435543 0.719633
155  11.072920 0.073721  331074 437856 0.756125
155  11.072920 0.073721  335391 437856 0.765985
155  11.072920 0.073721  335726 437856 0.766750
160  11.798825 0.080302  345394 440394 0.784284
160  11.798825 0.080302  346971 440394 0.787865
160  11.798825 0.080302  346895 440394 0.787692
165  12.547773 0.088694  366330 443573 0.825862
165  12.547773 0.088694  366923 443573 0.827199
165  12.547773 0.088694  362921 443573 0.818176
170  13.319767 0.097651  380302 446886 0.851005
170  13.319767 0.097651  379635 446886 0.849512
170  13.319767 0.097651  377291 446886 0.844267
175  14.114805 0.106524  393676 450433 0.873995
175  14.114805 0.106524  392714 450433 0.871859
175  14.114805 0.106524  391979 450433 0.870227
180  14.932888 0.114834  402606 454168 0.886469
180  14.932888 0.114834  401984 454168 0.885100
180  14.932888 0.114834  401869 454168 0.884847
185  15.774015 0.123510  412835 458181 0.901030
185  15.774015 0.123510  412208 458181 0.899662
185  15.774015 0.123510  413243 458181 0.901921
190  16.638187 0.132274  421956 462618 0.912105
190  16.638187 0.132274  422228 462618 0.912693
190  16.638187 0.132274  422507 462618 0.913296
195  17.525404 0.140722  429746 467011 0.920205
195  17.525404 0.140722  429682 467011 0.920068
195  17.525404 0.140722  430106 467011 0.920976
200  18.435664 0.148819  437166 471128 0.927913
200  18.435664 0.148819  437464 471128 0.928546
200  18.435664 0.148819  437053 471128 0.927674
205  19.368968 0.156757  443953 475199 0.934246
205  19.368968 0.156757  444304 475199 0.934985
205  19.368968 0.156757  444251 475199 0.934874
210  20.325320 0.164550  450451 479194 0.940018
210  20.325320 0.164550  450897 479194 0.940949
210  20.325320 0.164550  450627 479194 0.940385
215  21.304713 0.172114  455925 482931 0.944079
215  21.304713 0.172114  456123 482931 0.944489
215  21.304713 0.172114  455928 482931 0.944085
220  22.307154 0.179379  461264 486525 0.948079
220  22.307154 0.179379  461250 486525 0.948050
220  22.307154 0.179379  461184 486525 0.947914
225  23.332636 0.186664  466361 489814 0.952119
225  23.332636 0.186664  466369 489814 0.952135
225  23.332636 0.186664  466447 489814 0.952294
230  24.381164 0.193493  471315 493303 0.955427
230  24.381164 0.193493  471342 493303 0.955482
230  24.381164 0.193493  471535 493303 0.955873
235  25.452738 0.200416  475886 496658 0.958176
235  25.452738 0.200416  476051 496658 0.958509
235  25.452738 0.200416  476162 496658 0.958732
240  26.547355 0.207268  480306 499928 0.960750
240  26.547355 0.207268  480542 499928 0.961222
240  26.547355 0.207268  480544 499928 0.961226
245  27.665018 0.213553  484000 502921 0.962378
245  27.665018 0.213553  484215 502921 0.962805
245  27.665018 0.213553  484225 502921 0.962825
250  28.805724 0.220199  487944 505870 0.964564
250  28.805724 0.220199  488100 505870 0.964872
250  28.805724 0.220199  488183 505870 0.965036
255  29.969474 0.226655  491699 508824 0.966344
255  29.969474 0.226655  491874 508824 0.966688
255  29.969474 0.226655  491918 508824 0.966774
260  31.156271 0.232677  495469 511614 0.968443
260  31.156271 0.232677  495491 511614 0.968486
260  31.156271 0.232677  495575 511614 0.968650
265  32.366111 0.238752  498929 514389 0.969945
265  32.366111 0.238752  498923 514389 0.969933
265  32.366111 0.238752  499014 514389 0.970110
270  33.598995 0.244707  502147 517044 0.971188
270  33.598995 0.244707  502228 517044 0.971345
270  33.598995 0.244707  502232 517044 0.971353
275  34.854928 0.250683  505309 519690 0.972328
275  34.854928 0.250683  505464 519690 0.972626
275  34.854928 0.250683  505389 519690 0.972482
280  36.133901 0.256640  508558 522302 0.973686
280  36.133901 0.256640  508728 522302 0.974011
280  36.133901 0.256640  508630 522302 0.973824
285  37.435919 0.262317  511586 524843 0.974741
285  37.435919 0.262317  511707 524843 0.974972
285  37.435919 0.262317  511628 524843 0.974821
290  38.760982 0.268044  514405 527198 0.975734
290  38.760982 0.268044  514528 527198 0.975967
290  38.760982 0.268044  514491 527198 0.975897
1000  460.891537 0.623468  609972 613255 0.994647
1000  460.891537 0.623468  609990 613255 0.994676
1000  460.891537 0.623468  609967 613255 0.994638
