Cycle time(h) alpha_vol alpha_mass heat4(kJ/kg_solid) Gsratio2 G-s_ratio
0 0.000000 0.000000 0.000000 0.000000 0.000055  0.000000 
1 0.000461 0.000092 0.000088 0.137611 0.000308  0.000148 
2 0.001844 0.000337 0.000328 0.353388 0.000668  0.000553 
3 0.004148 0.000658 0.000644 0.599622 0.000987  0.001086 
4 0.007374 0.001216 0.001188 1.220453 0.001334  0.002002 
5 0.011522 0.001529 0.001496 1.485591 0.001697  0.002520 
6 0.016592 0.002121 0.002072 2.163023 0.002056  0.003489 
7 0.022584 0.002672 0.002609 2.774308 0.002472  0.004391 
8 0.029497 0.003305 0.003229 3.434714 0.002853  0.005433 
9 0.037332 0.003890 0.003801 4.080842 0.003225  0.006392 
10 0.046089 0.004535 0.004432 4.797841 0.003570  0.007450 
11 0.055768 0.004819 0.004711 5.001433 0.003913  0.007916 
12 0.066368 0.005368 0.005243 5.604983 0.004225  0.008806 
13 0.077891 0.005644 0.005516 5.766411 0.004567  0.009264 
14 0.090335 0.005950 0.005818 6.031514 0.004922  0.009767 
15 0.103701 0.006227 0.006090 6.210479 0.005303  0.010222 
16 0.117988 0.006513 0.006372 6.372614 0.005655  0.010693 
17 0.133198 0.006826 0.006680 6.601815 0.005980  0.011208 
18 0.149329 0.007105 0.006955 6.822356 0.006372  0.011666 
19 0.166382 0.007428 0.007272 7.061641 0.006806  0.012195 
20 0.184357 0.008049 0.007880 7.702716 0.007248  0.013209 
21 0.203253 0.008362 0.008190 7.956004 0.007677  0.013725 
22 0.223072 0.009005 0.008820 8.593201 0.008103  0.014773 
23 0.243812 0.009541 0.009343 9.107723 0.008496  0.015642 
24 0.265474 0.009832 0.009630 9.269125 0.008962  0.016119 
25 0.288057 0.010165 0.009957 9.484456 0.009400  0.016663 
26 0.311563 0.010713 0.010491 9.976527 0.009818  0.017548 
27 0.335990 0.010985 0.010760 10.162359 0.010367  0.017995 
28 0.361339 0.011635 0.011398 10.778820 0.010826  0.019052 
29 0.387610 0.012145 0.011893 11.237619 0.011359  0.019872 
30 0.414802 0.012477 0.012222 11.424252 0.011848  0.020416 
31 0.442917 0.012698 0.012439 11.484993 0.012350  0.020776 
32 0.471953 0.013290 0.013015 12.009501 0.012864  0.021728 
33 0.501911 0.013623 0.013344 12.216345 0.013421  0.022271 
34 0.532791 0.013960 0.013676 12.417293 0.013975  0.022819 
35 0.564592 0.014319 0.014030 12.634285 0.014570  0.023403 
36 0.597315 0.014661 0.014368 12.792635 0.015181  0.023960 
37 0.630961 0.015028 0.014730 12.997817 0.015802  0.024557 
38 0.665527 0.015661 0.015346 13.538782 0.016448  0.025572 
39 0.701016 0.016030 0.015711 13.758686 0.016989  0.026173 
40 0.737427 0.016566 0.016230 14.219265 0.017566  0.027027 
41 0.774759 0.016918 0.016579 14.426725 0.018236  0.027599 
42 0.813013 0.017277 0.016935 14.614413 0.018860  0.028185 
43 0.852189 0.017920 0.017564 15.124421 0.019453  0.029217 
44 0.892286 0.018532 0.018164 15.590328 0.020037  0.030200 
45 0.933306 0.018888 0.018517 15.800274 0.020657  0.030780 
46 0.975247 0.019243 0.018869 15.969141 0.021356  0.031355 
47 1.018110 0.019944 0.019554 16.561417 0.022091  0.032476 
48 1.061894 0.020580 0.020174 17.038893 0.022802  0.033491 
49 1.106601 0.021191 0.020776 17.447068 0.023482  0.034473 
50 1.152229 0.021851 0.021420 17.908891 0.024145  0.035524 
51 1.198779 0.022414 0.021974 18.302003 0.024753  0.036427 
52 1.246251 0.023096 0.022637 18.771840 0.025461  0.037507 
53 1.294645 0.023504 0.023041 18.984318 0.026191  0.038164 
54 1.343960 0.024205 0.023727 19.451977 0.026925  0.039279 
55 1.394197 0.024622 0.024139 19.616154 0.027693  0.039949 
56 1.445356 0.025355 0.024859 20.093896 0.028366  0.041117 
57 1.497437 0.025734 0.025235 20.183942 0.028970  0.041727 
58 1.550439 0.026091 0.025587 20.342531 0.029755  0.042297 
59 1.604364 0.026734 0.026218 20.713629 0.030244  0.043319 
60 1.659210 0.026940 0.026422 20.823600 0.030740  0.043649 
61 1.714978 0.027233 0.026712 20.956056 0.031151  0.044118 
62 1.771667 0.027369 0.026846 20.967887 0.031609  0.044335 
63 1.829279 0.027682 0.027154 21.151556 0.032075  0.044833 
64 1.887812 0.027954 0.027421 21.281888 0.032471  0.045264 
65 1.947267 0.028119 0.027584 21.351897 0.032942  0.045527 
66 2.007644 0.028282 0.027745 21.412783 0.033518  0.045787 
67 2.068942 0.028614 0.028069 21.598960 0.034083  0.046311 
68 2.131163 0.028925 0.028373 21.728685 0.034645  0.046801 
69 2.194305 0.029141 0.028587 21.803819 0.035124  0.047147 
70 2.258369 0.029415 0.028856 21.960451 0.035655  0.047581 
71 2.323354 0.029711 0.029146 22.112542 0.036174  0.048047 
72 2.389262 0.030073 0.029502 22.284180 0.036604  0.048621 
73 2.456091 0.030274 0.029702 22.337896 0.037103  0.048944 
74 2.523842 0.030427 0.029854 22.381846 0.037602  0.049187 
75 2.592515 0.030720 0.030144 22.536833 0.038153  0.049654 
76 2.662110 0.031080 0.030498 22.748191 0.038707  0.050224 
77 2.732626 0.031303 0.030720 22.827055 0.039286  0.050581 
78 2.804064 0.031655 0.031065 23.038841 0.039824  0.051135 
79 2.876424 0.031958 0.031364 23.210670 0.040428  0.051616 
80 2.949706 0.032164 0.031568 23.288528 0.041010  0.051942 
81 3.023910 0.032487 0.031884 23.467256 0.041526  0.052450 
82 3.099035 0.032776 0.032168 23.637045 0.042232  0.052905 
83 3.175082 0.033166 0.032552 23.875776 0.042889  0.053520 
84 3.252051 0.033552 0.032930 24.103414 0.043561  0.054126 
85 3.329942 0.033880 0.033254 24.269116 0.044108  0.054645 
86 3.408754 0.034164 0.033534 24.425937 0.044755  0.055093 
87 3.488488 0.034508 0.033872 24.623058 0.045449  0.055635 
88 3.569144 0.034877 0.034238 24.829956 0.046085  0.056220 
89 3.650722 0.035219 0.034573 25.022537 0.046664  0.056755 
90 3.733222 0.035503 0.034851 25.161983 0.047290  0.057198 
91 3.816643 0.035741 0.035085 25.283669 0.047990  0.057573 
92 3.900986 0.036134 0.035473 25.515431 0.048672  0.058192 
93 3.986251 0.036508 0.035840 25.715661 0.049341  0.058777 
94 4.072438 0.036753 0.036083 25.833436 0.050000  0.059164 
95 4.159546 0.037102 0.036427 26.024737 0.050675  0.059714 
96 4.247577 0.037508 0.036825 26.281032 0.051358  0.060347 
97 4.336529 0.037898 0.037210 26.499305 0.052103  0.060960 
98 4.426403 0.038287 0.037594 26.734813 0.052875  0.061570 
99 4.517198 0.038668 0.037969 26.928169 0.053618  0.062167 
100 4.608915 0.039058 0.038356 27.155454 0.054402  0.062781 
101 4.701554 0.039471 0.038764 27.384118 0.055040  0.063430 
102 4.795115 0.039801 0.039090 27.572892 0.055801  0.063947 
103 4.889598 0.040201 0.039483 27.817069 0.056566  0.064571 
104 4.985003 0.040592 0.039869 28.035909 0.057253  0.065182 
105 5.081329 0.040987 0.040258 28.282208 0.058069  0.065799 
106 5.178577 0.041407 0.040670 28.536258 0.058979  0.066450 
107 5.276747 0.041846 0.041106 28.804832 0.059749  0.067141 
108 5.375839 0.042254 0.041507 29.046851 0.060535  0.067775 
109 5.475852 0.042645 0.041894 29.257329 0.061226  0.068387 
110 5.576787 0.042999 0.042245 29.445631 0.062023  0.068940 
111 5.678645 0.043421 0.042662 29.686215 0.062928  0.069599 
112 5.781424 0.043887 0.043123 29.950878 0.063756  0.070326 
113 5.885124 0.044295 0.043526 30.208082 0.064644  0.070962 
114 5.989747 0.044766 0.043993 30.473365 0.065524  0.071698 
115 6.095291 0.045253 0.044476 30.764633 0.066407  0.072457 
116 6.201756 0.045705 0.044921 31.017046 0.067273  0.073158 
117 6.309144 0.046149 0.045359 31.277017 0.068176  0.073847 
118 6.417454 0.046656 0.045859 31.588981 0.069128  0.074632 
119 6.526685 0.047139 0.046337 31.869945 0.070054  0.075382 
120 6.636838 0.047612 0.046805 32.158020 0.070918  0.076116 
121 6.747913 0.048085 0.047274 32.435534 0.071812  0.076851 
122 6.859910 0.048602 0.047784 32.750165 0.072851  0.077650 
123 6.972828 0.049182 0.048358 33.080479 0.073765  0.078548 
124 7.086668 0.049781 0.048950 33.445237 0.074713  0.079474 
125 7.201430 0.050228 0.049394 33.712499 0.075700  0.080167 
126 7.317114 0.050813 0.049972 34.068910 0.076823  0.081070 
127 7.433720 0.051392 0.050546 34.410834 0.077915  0.081965 
128 7.551247 0.051963 0.051112 34.721014 0.078958  0.082847 
129 7.669696 0.052521 0.051666 35.042673 0.080032  0.083709 
130 7.789067 0.053106 0.052245 35.369570 0.081055  0.084611 
131 7.909360 0.053681 0.052816 35.706669 0.082185  0.085498 
132 8.030575 0.054324 0.053453 36.082397 0.083373  0.086487 
133 8.152711 0.054952 0.054076 36.451463 0.084505  0.087454 
134 8.275769 0.055564 0.054682 36.794782 0.085861  0.088392 
135 8.399749 0.056287 0.055399 37.219835 0.087041  0.089503 
136 8.524651 0.056978 0.056084 37.628190 0.088261  0.090562 
137 8.650474 0.057639 0.056739 37.994662 0.089474  0.091574 
138 8.777219 0.058386 0.057481 38.421468 0.090675  0.092720 
139 8.904886 0.059109 0.058198 38.854055 0.091948  0.093826 
140 9.033475 0.059818 0.058900 39.278228 0.093296  0.094906 
141 9.162986 0.060589 0.059665 39.712241 0.094711  0.096083 
142 9.293418 0.061414 0.060485 40.174229 0.096176  0.097343 
143 9.424772 0.062302 0.061366 40.687916 0.097638  0.098695 
144 9.557048 0.063149 0.062208 41.164254 0.099162  0.099986 
145 9.690246 0.064096 0.063147 41.700691 0.100618  0.101423 
146 9.824365 0.064964 0.064009 42.212049 0.102260  0.102740 
147 9.959406 0.065971 0.065008 42.781429 0.103723  0.104266 
148 10.095369 0.066886 0.065914 43.333714 0.105352  0.105647 
149 10.232254 0.067888 0.066909 43.897168 0.107014  0.107161 
150 10.370061 0.068871 0.067886 44.447477 0.108766  0.108646 
151 10.508789 0.069924 0.068933 45.050401 0.110573  0.110235 
152 10.648439 0.071033 0.070035 45.697688 0.112476  0.111904 
153 10.789011 0.072227 0.071222 46.379400 0.114624  0.113699 
154 10.930505 0.073588 0.072575 47.144577 0.116588  0.115742 
155 11.072920 0.074741 0.073721 47.787240 0.118485  0.117468 
156 11.216257 0.075925 0.074898 48.450144 0.120485  0.119238 
157 11.360517 0.077121 0.076087 49.140276 0.122634  0.121023 
158 11.505697 0.078422 0.077380 49.871257 0.124849  0.122960 
159 11.651800 0.079825 0.078773 50.657965 0.127231  0.125044 
160 11.798824 0.081361 0.080302 51.496861 0.129650  0.127325 
161 11.946771 0.082926 0.081858 52.380649 0.132272  0.129642 
162 12.095638 0.084576 0.083501 53.283848 0.134974  0.132082 
163 12.245428 0.086279 0.085195 54.252258 0.137844  0.134592 
164 12.396140 0.088044 0.086953 55.233560 0.140639  0.137190 
165 12.547773 0.089793 0.088694 56.193678 0.143369  0.139757 
166 12.700329 0.091555 0.090451 57.175098 0.146231  0.142340 
167 12.853806 0.093397 0.092281 58.244081 0.149035  0.145023 
168 13.008204 0.095200 0.094075 59.266886 0.151825  0.147646 
169 13.163525 0.097005 0.095871 60.293203 0.154651  0.150265 
170 13.319767 0.098793 0.097651 61.290781 0.157388  0.152855 
171 13.476931 0.100570 0.099415 62.306123 0.160269  0.155415 
172 13.635016 0.102416 0.101249 63.379416 0.163112  0.158069 
173 13.794024 0.104207 0.103030 64.408713 0.166007  0.160638 
174 13.953954 0.105954 0.104771 65.406146 0.168819  0.163145 
175 14.114805 0.107716 0.106524 66.428751 0.171511  0.165662 
176 14.276578 0.109368 0.108168 67.372570 0.174345  0.168016 
177 14.439273 0.111111 0.109900 68.391389 0.177184  0.170490 
178 14.602889 0.112831 0.111608 69.418293 0.179961  0.172924 
179 14.767427 0.114488 0.113255 70.424918 0.182557  0.175266 
180 14.932887 0.116075 0.114834 71.361642 0.185515  0.177506 
181 15.099269 0.117895 0.116645 72.427763 0.188344  0.180067 
182 15.266573 0.119669 0.118410 73.489527 0.191160  0.182558 
183 15.434798 0.121443 0.120172 74.549939 0.193843  0.185038 
184 15.603946 0.123042 0.121764 75.489917 0.196743  0.187273 
185 15.774014 0.124799 0.123510 76.566610 0.199682  0.189719 
186 15.945005 0.126587 0.125288 77.618792 0.202429  0.192203 
187 16.116919 0.128281 0.126973 78.636934 0.205348  0.194552 
188 16.289753 0.130055 0.128736 79.724027 0.208450  0.197003 
189 16.463509 0.131875 0.130551 80.837001 0.211427  0.199519 
190 16.638187 0.133607 0.132274 81.944926 0.214274  0.201902 
191 16.813787 0.135325 0.133983 83.011522 0.217106  0.204260 
192 16.990309 0.137036 0.135682 84.097731 0.219942  0.206599 
193 17.167751 0.138669 0.137302 85.151774 0.222736  0.208823 
194 17.346117 0.140395 0.139021 86.195938 0.225548  0.211178 
195 17.525404 0.142103 0.140722 87.216094 0.228182  0.213502 
196 17.705612 0.143700 0.142314 88.187103 0.230767  0.215672 
197 17.886742 0.145386 0.143994 89.194611 0.233456  0.217956 
198 18.068794 0.146990 0.145585 90.228817 0.236143  0.220116 
199 18.251768 0.148633 0.147225 91.218847 0.238784  0.222335 
200 18.435663 0.150234 0.148819 92.196270 0.241350  0.224488 
201 18.620481 0.151836 0.150409 93.210890 0.243911  0.226632 
202 18.806221 0.153411 0.151980 94.157728 0.246505  0.228743 
203 18.992882 0.155022 0.153582 95.132411 0.249075  0.230893 
204 19.180464 0.156657 0.155211 96.112517 0.251591  0.233073 
205 19.368969 0.158208 0.156757 97.033267 0.254132  0.235138 
206 19.558395 0.159783 0.158328 97.975532 0.256609  0.237231 
207 19.748743 0.161319 0.159858 98.897625 0.259246  0.239265 
208 19.940014 0.162971 0.161501 99.883814 0.261634  0.241445 
209 20.132206 0.164478 0.162999 100.799454 0.264048  0.243428 
210 20.325319 0.166034 0.164549 101.727506 0.266438  0.245476 
211 20.519354 0.167521 0.166033 102.629180 0.268692  0.247431 
212 20.714312 0.168953 0.167460 103.489020 0.271010  0.249308 
213 20.910191 0.170489 0.168992 104.418045 0.273307  0.251320 
214 21.106991 0.171974 0.170470 105.321430 0.275858  0.253256 
215 21.304714 0.173622 0.172114 106.277717 0.278165  0.255405 
216 21.503359 0.175075 0.173561 107.159777 0.280411  0.257292 
217 21.702925 0.176512 0.174991 108.004778 0.282716  0.259153 
218 21.903412 0.178019 0.176488 108.936074 0.284913  0.261098 
219 22.104822 0.179489 0.177952 109.825022 0.287019  0.262996 
220 22.307154 0.180923 0.179379 110.684582 0.289165  0.264842 
221 22.510406 0.182401 0.180849 111.568118 0.291240  0.266740 
222 22.714581 0.183850 0.182291 112.422748 0.293408  0.268598 
223 22.919678 0.185374 0.183809 113.295448 0.295511  0.270550 
224 23.125696 0.186800 0.185228 114.156227 0.297641  0.272370 
225 23.332636 0.188247 0.186664 115.064699 0.299758  0.274210 
226 23.540499 0.189647 0.188058 115.931506 0.301801  0.275991 
227 23.749283 0.190940 0.189344 116.720574 0.303908  0.277633 
228 23.958988 0.192355 0.190756 117.584742 0.305931  0.279431 
229 24.169615 0.193738 0.192134 118.416135 0.308025  0.281182 
230 24.381165 0.195102 0.193493 119.237855 0.310150  0.282906 
231 24.593636 0.196526 0.194913 120.071819 0.312192  0.284703 
232 24.807028 0.197873 0.196252 120.864734 0.314100  0.286396 
233 25.021343 0.199229 0.197606 121.661841 0.316131  0.288104 
234 25.236580 0.200634 0.199005 122.507637 0.318188  0.289866 
235 25.452738 0.202049 0.200416 123.357200 0.320223  0.291639 
236 25.669817 0.203483 0.201845 124.213496 0.322146  0.293432 
237 25.887819 0.204774 0.203131 124.982290 0.324173  0.295041 
238 26.106743 0.206186 0.204535 125.848426 0.326147  0.296796 
239 26.326588 0.207562 0.205907 126.655509 0.328094  0.298507 
240 26.547356 0.208928 0.207268 127.443313 0.329872  0.300201 
241 26.769045 0.210168 0.208503 128.203396 0.331698  0.301735 
242 26.991655 0.211401 0.209732 128.922529 0.333533  0.303261 
243 27.215187 0.212687 0.211014 129.691625 0.335407  0.304848 
244 27.439642 0.214014 0.212337 130.483041 0.337100  0.306484 
245 27.665018 0.215237 0.213553 131.222896 0.338804  0.307984 
246 27.891315 0.216475 0.214787 131.948157 0.340612  0.309505 
247 28.118534 0.217790 0.216098 132.696499 0.342487  0.311118 
248 28.346676 0.219169 0.217472 133.490677 0.344403  0.312805 
249 28.575739 0.220593 0.218889 134.334817 0.346277  0.314541 
250 28.805723 0.221908 0.220199 135.127027 0.348131  0.316144 
251 29.036631 0.223267 0.221555 135.891896 0.349845  0.317799 
252 29.268459 0.224497 0.222782 136.613490 0.351585  0.319294 
253 29.501209 0.225771 0.224053 137.379656 0.353368  0.320841 
254 29.734880 0.227060 0.225335 138.143206 0.355217  0.322399 
255 29.969475 0.228385 0.226655 138.891682 0.357012  0.324000 
256 30.204990 0.229663 0.227930 139.647963 0.358667  0.325543 
257 30.441427 0.230823 0.229087 140.317805 0.360308  0.326941 
258 30.678787 0.232027 0.230287 141.017168 0.361896  0.328389 
259 30.917068 0.233206 0.231464 141.683007 0.363551  0.329807 
260 31.156271 0.234422 0.232677 142.391819 0.365322  0.331265 
261 31.396395 0.235686 0.233937 143.115985 0.366952  0.332779 
262 31.637442 0.236878 0.235127 143.826541 0.368635  0.334205 
263 31.879410 0.238156 0.236400 144.565982 0.370216  0.335729 
264 32.122299 0.239375 0.237616 145.281973 0.371796  0.337182 
265 32.366112 0.240515 0.238752 145.929137 0.373529  0.338537 
266 32.610844 0.241791 0.240025 146.658905 0.375063  0.340053 
267 32.856499 0.242903 0.241136 147.296632 0.376703  0.341375 
268 33.103077 0.244155 0.242384 148.039908 0.378246  0.342856 
269 33.350574 0.245361 0.243585 148.739674 0.379732  0.344280 
270 33.598995 0.246484 0.244707 149.382812 0.381347  0.345608 
271 33.848339 0.247734 0.245952 150.109740 0.383024  0.347079 
272 34.098602 0.249015 0.247230 150.870516 0.384599  0.348587 
273 34.349789 0.250168 0.248383 151.543624 0.386152  0.349944 
274 34.601898 0.251338 0.249547 152.227880 0.387615  0.351313 
275 34.854927 0.252478 0.250683 152.908199 0.389132  0.352647 
276 35.108879 0.253665 0.251867 153.598237 0.390711  0.354034 
277 35.363750 0.254805 0.253004 154.261649 0.392308  0.355366 
278 35.619545 0.256067 0.254263 154.993552 0.393840  0.356837 
279 35.876263 0.257290 0.255483 155.715392 0.395363  0.358261 
280 36.133900 0.258450 0.256640 156.404881 0.396840  0.359609 
281 36.392460 0.259549 0.257738 157.042462 0.398325  0.360886 
282 36.651943 0.260721 0.258907 157.722760 0.399864  0.362244 
283 36.912346 0.261884 0.260068 158.390142 0.401337  0.363590 
284 37.173672 0.263012 0.261194 159.045648 0.402748  0.364894 
285 37.435921 0.264140 0.262317 159.688798 0.404204  0.366192 
286 37.699089 0.265269 0.263441 160.316125 0.405700  0.367491 
287 37.963181 0.266453 0.264625 160.992598 0.407075  0.368855 
288 38.228191 0.267620 0.265791 161.663491 0.408449  0.370197 
289 38.494125 0.268695 0.266864 162.286882 0.409912  0.371430 
290 38.760983 0.269879 0.268044 162.949455 0.411423  0.372785 
291 39.028759 0.271100 0.269261 163.636339 0.412890  0.374180 
292 39.297459 0.272279 0.270435 164.306158 0.414314  0.375523 
293 39.567081 0.273427 0.271579 164.957829 0.415642  0.376830 
294 39.837624 0.274565 0.272713 165.602914 0.417047  0.378123 
295 40.109089 0.275705 0.273851 166.263340 0.418436  0.379420 
296 40.381477 0.276807 0.274949 166.899792 0.419703  0.380667 
297 40.654785 0.277836 0.275975 167.482512 0.421066  0.381833 
298 40.929016 0.278959 0.277100 168.117868 0.422416  0.383109 
299 41.204170 0.280037 0.278174 168.730244 0.423760  0.384325 
300 41.480244 0.281146 0.279281 169.323644 0.425052  0.385578 
301 41.757240 0.282228 0.280362 169.926102 0.426361  0.386798 
302 42.035156 0.283301 0.281433 170.532931 0.427523  0.388006 
303 42.313995 0.284244 0.282375 171.068206 0.428794  0.389066 
304 42.593758 0.285310 0.283437 171.679061 0.430078  0.390262 
305 42.874439 0.286360 0.284488 172.285555 0.431370  0.391442 
306 43.156044 0.287448 0.285573 172.889992 0.432562  0.392659 
307 43.438572 0.288469 0.286594 173.449822 0.433769  0.393803 
308 43.722019 0.289445 0.287570 173.987601 0.435039  0.394894 
309 44.006390 0.290503 0.288625 174.596992 0.436251  0.396073 
310 44.291683 0.291519 0.289639 175.168251 0.437424  0.397204 
311 44.577896 0.292553 0.290670 175.754673 0.438556  0.398353 
312 44.865032 0.293492 0.291607 176.272257 0.439760  0.399396 
313 45.153088 0.294489 0.292604 176.805440 0.441049  0.400505 
314 45.442066 0.295577 0.293690 177.405448 0.442222  0.401710 
315 45.731968 0.296547 0.294656 177.988337 0.443432  0.402781 
316 46.022789 0.297583 0.295691 178.576805 0.444691  0.403927 
317 46.314533 0.298646 0.296753 179.165732 0.445874  0.405101 
318 46.607201 0.299704 0.297811 179.779416 0.447103  0.406269 
319 46.900787 0.300777 0.298883 180.385139 0.448188  0.407451 
320 47.195297 0.301696 0.299804 180.897926 0.449385  0.408465 
321 47.490730 0.302686 0.300793 181.449381 0.450516  0.409553 
322 47.787083 0.303647 0.301754 181.978863 0.451718  0.410609 
323 48.084358 0.304703 0.302810 182.562757 0.452856  0.411767 
324 48.382557 0.305700 0.303805 183.112625 0.453871  0.412857 
325 48.681675 0.306610 0.304714 183.625400 0.454972  0.413852 
326 48.981716 0.307566 0.305669 184.181138 0.456055  0.414896 
327 49.282677 0.308464 0.306564 184.699594 0.457218  0.415873 
328 49.584560 0.309471 0.307570 185.241946 0.458413  0.416969 
329 49.887367 0.310544 0.308639 185.848474 0.459435  0.418134 
330 50.191093 0.311463 0.309558 186.359337 0.460505  0.419134 
331 50.495743 0.312410 0.310504 186.886784 0.461582  0.420160 
332 50.801315 0.313363 0.311457 187.417116 0.462676  0.421195 
333 51.107807 0.314353 0.312445 187.977237 0.463760  0.422265 
334 51.415222 0.315263 0.313356 188.495089 0.464903  0.423252 
335 51.723560 0.316270 0.314364 189.050134 0.466044  0.424341 
336 52.032818 0.317246 0.315336 189.595964 0.467122  0.425390 
337 52.342999 0.318183 0.316273 190.116209 0.468239  0.426401 
338 52.654099 0.319134 0.317223 190.619211 0.469264  0.427424 
339 52.966122 0.320075 0.318164 191.151086 0.470327  0.428436 
340 53.279068 0.321019 0.319109 191.668715 0.471375  0.429452 
341 53.592934 0.321958 0.320047 192.191196 0.472497  0.430458 
342 53.907722 0.322970 0.321058 192.756864 0.473523  0.431542 
343 54.223434 0.323856 0.321942 193.228802 0.474603  0.432488 
344 54.540066 0.324814 0.322899 193.761907 0.475625  0.433511 
345 54.857620 0.325751 0.323834 194.267078 0.476640  0.434511 
346 55.176098 0.326707 0.324789 194.796627 0.477616  0.435529 
347 55.495495 0.327612 0.325693 195.286479 0.478588  0.436492 
348 55.815815 0.328527 0.326606 195.810146 0.479676  0.437464 
349 56.137058 0.329486 0.327562 196.329653 0.480630  0.438480 
350 56.459221 0.330318 0.328393 196.805571 0.481674  0.439362 
351 56.782307 0.331276 0.329350 197.341203 0.482657  0.440377 
352 57.106312 0.332145 0.330216 197.825755 0.483589  0.441295 
353 57.431240 0.333024 0.331094 198.300958 0.484553  0.442225 
354 57.757092 0.333914 0.331982 198.789624 0.485493  0.443163 
355 58.083862 0.334746 0.332814 199.239354 0.486517  0.444041 
356 58.411556 0.335671 0.333737 199.742937 0.487429  0.445015 
357 58.740173 0.336528 0.334594 200.222613 0.488368  0.445918 
358 59.069710 0.337396 0.335459 200.704458 0.489312  0.446829 
359 59.400169 0.338294 0.336356 201.186527 0.490245  0.447771 
360 59.731552 0.339158 0.337218 201.669848 0.491166  0.448677 
361 60.063854 0.340032 0.338090 202.134719 0.492109  0.449591 
362 60.397079 0.340961 0.339017 202.634567 0.493086  0.450562 
363 60.731224 0.341864 0.339923 203.135959 0.493986  0.451511 
364 61.066292 0.342732 0.340789 203.618118 0.494911  0.452416 
365 61.402283 0.343574 0.341629 204.075026 0.495798  0.453294 
366 61.739193 0.344445 0.342497 204.540411 0.496667  0.454199 
367 62.077026 0.345266 0.343316 204.998639 0.497592  0.455052 
368 62.415783 0.346129 0.344179 205.452417 0.498488  0.455951 
369 62.755459 0.346964 0.345010 205.899977 0.499404  0.456816 
370 63.096058 0.347855 0.345899 206.382449 0.500357  0.457739 
371 63.437580 0.348740 0.346785 206.850361 0.501253  0.458658 
372 63.780022 0.349578 0.347624 207.296847 0.502141  0.459528 
373 64.123383 0.350444 0.348491 207.741679 0.503017  0.460426 
374 64.467667 0.351286 0.349331 208.211045 0.503905  0.461295 
375 64.812874 0.352145 0.350191 208.670280 0.504721  0.462183 
376 65.159004 0.352955 0.350999 209.108805 0.505472  0.463017 
377 65.506058 0.353664 0.351705 209.506581 0.506358  0.463746 
378 65.854034 0.354542 0.352582 210.001018 0.507221  0.464649 
379 66.202927 0.355399 0.353438 210.468773 0.508057  0.465530 
380 66.552742 0.356183 0.354221 210.878247 0.508911  0.466335 
381 66.903481 0.357049 0.355087 211.347612 0.509647  0.467225 
382 67.255142 0.357760 0.355797 211.737494 0.510493  0.467953 
383 67.607727 0.358614 0.356649 212.209991 0.511261  0.468827 
384 67.961227 0.359410 0.357444 212.644759 0.512101  0.469641 
385 68.315651 0.360208 0.358242 213.077089 0.512867  0.470457 
386 68.670998 0.360951 0.358985 213.492198 0.513685  0.471216 
387 69.027267 0.361706 0.359738 213.895946 0.514407  0.471985 
388 69.384460 0.362414 0.360446 214.284509 0.515247  0.472707 
389 69.742577 0.363266 0.361296 214.738599 0.516006  0.473573 
390 70.101608 0.364038 0.362066 215.143734 0.516751  0.474357 
391 70.461563 0.364763 0.362793 215.524916 0.517570  0.475097 
392 70.822441 0.365532 0.363560 215.946735 0.518355  0.475877 
393 71.184242 0.366297 0.364324 216.370164 0.519145  0.476652 
394 71.546967 0.367124 0.365150 216.799474 0.519994  0.477490 
395 71.910606 0.367969 0.365993 217.253408 0.520696  0.478345 
396 72.275169 0.368675 0.366698 217.634613 0.521486  0.479058 
397 72.640656 0.369451 0.367472 218.078371 0.522306  0.479841 
398 73.007065 0.370335 0.368353 218.553283 0.523055  0.480731 
399 73.374397 0.371082 0.369101 218.953341 0.523891  0.481486 
400 73.742653 0.371929 0.369948 219.391307 0.524595  0.482340 
401 74.111824 0.372676 0.370694 219.783560 0.525403  0.483091 
402 74.481918 0.373462 0.371479 220.200078 0.526131  0.483882 
403 74.852936 0.374195 0.372211 220.588641 0.526956  0.484618 
404 75.224876 0.375023 0.373039 221.045124 0.527739  0.485450 
405 75.597740 0.375809 0.373824 221.454732 0.528476  0.486237 
406 75.971519 0.376561 0.374576 221.853291 0.529171  0.486991 
407 76.346222 0.377299 0.375312 222.239886 0.529983  0.487728 
408 76.721848 0.378160 0.376173 222.699321 0.530737  0.488591 
409 77.098396 0.378915 0.376929 223.096763 0.531473  0.489346 
410 77.475868 0.379660 0.377672 223.488680 0.532188  0.490088 
411 77.854263 0.380398 0.378409 223.879255 0.532981  0.490823 
412 78.233574 0.381143 0.379153 224.256635 0.533711  0.491565 
413 78.613808 0.381931 0.379939 224.669329 0.534351  0.492348 
414 78.994965 0.382606 0.380613 225.040537 0.535092  0.493019 
415 79.377045 0.383348 0.381355 225.428473 0.535775  0.493757 
416 79.760048 0.384042 0.382048 225.805182 0.536413  0.494445 
417 80.143974 0.384739 0.382744 226.183144 0.537151  0.495136 
418 80.528816 0.385510 0.383514 226.580988 0.537774  0.495900 
419 80.914581 0.386204 0.384210 226.950495 0.538470  0.496589 
420 81.301270 0.386983 0.384987 227.356167 0.539148  0.497359 
421 81.688881 0.387694 0.385699 227.727464 0.539884  0.498063 
422 82.077415 0.388471 0.386478 228.122803 0.540626  0.498832 
423 82.466866 0.389240 0.387245 228.539813 0.541399  0.499590 
424 82.857239 0.390029 0.388033 228.944321 0.542182  0.500368 
425 83.248535 0.390859 0.388862 229.390853 0.542854  0.501184 
426 83.640755 0.391613 0.389615 229.819851 0.543531  0.501925 
427 84.033897 0.392332 0.390333 230.198125 0.544198  0.502631 
428 84.427963 0.393030 0.391032 230.558665 0.544840  0.503318 
429 84.822945 0.393749 0.391748 230.944208 0.545554  0.504022 
430 85.218849 0.394498 0.392498 231.348761 0.546202  0.504757 
431 85.615677 0.395239 0.393240 231.742535 0.546896  0.505485 
432 86.013428 0.395979 0.393977 232.131366 0.547482  0.506206 
433 86.412102 0.396619 0.394616 232.471643 0.548051  0.506832 
434 86.811691 0.397240 0.395237 232.812837 0.548692  0.507438 
435 87.212204 0.397927 0.395924 233.170179 0.549280  0.508109 
436 87.613640 0.398541 0.396539 233.482903 0.549927  0.508710 
437 88.015999 0.399255 0.397251 233.853350 0.550571  0.509405 
438 88.419281 0.399975 0.397974 234.225072 0.551259  0.510109 
439 88.823486 0.400674 0.398671 234.573915 0.551910  0.510788 
440 89.228607 0.401356 0.399353 234.911419 0.552529  0.511451 
441 89.634651 0.401997 0.399993 235.246888 0.553113  0.512073 
442 90.041618 0.402632 0.400627 235.574328 0.553870  0.512689 
443 90.449509 0.403426 0.401421 235.974699 0.554566  0.513460 
444 90.858322 0.404212 0.402205 236.402198 0.555170  0.514220 
445 91.268051 0.404860 0.402851 236.735542 0.555803  0.514846 
446 91.678703 0.405539 0.403529 237.090692 0.556437  0.515502 
447 92.090279 0.406233 0.404222 237.443046 0.557045  0.516172 
448 92.502777 0.406886 0.404874 237.775541 0.557673  0.516803 
449 92.916199 0.407617 0.405606 238.166049 0.558265  0.517509 
450 93.330544 0.408296 0.406283 238.530927 0.558841  0.518162 
451 93.745804 0.408956 0.406941 238.871093 0.559443  0.518796 
452 94.161987 0.409635 0.407617 239.222441 0.560028  0.519448 
453 94.579094 0.410293 0.408274 239.548516 0.560689  0.520080 
454 94.997124 0.411016 0.408997 239.925807 0.561257  0.520775 
455 95.416077 0.411676 0.409656 240.271720 0.561859  0.521408 
456 95.835945 0.412293 0.410271 240.587330 0.562459  0.521999 
457 96.256737 0.412938 0.410917 240.903520 0.563068  0.522619 
458 96.678452 0.413622 0.411599 241.256970 0.563611  0.523273 
459 97.101089 0.414248 0.412225 241.582800 0.564256  0.523872 
460 97.524651 0.414959 0.412934 241.948774 0.564883  0.524551 
461 97.949135 0.415646 0.413618 242.328011 0.565437  0.525205 
462 98.374535 0.416279 0.414250 242.654936 0.566011  0.525809 
463 98.800858 0.416949 0.414918 243.009124 0.566650  0.526447 
464 99.228104 0.417648 0.415615 243.355440 0.567240  0.527111 
465 99.656273 0.418279 0.416243 243.669327 0.567829  0.527710 
466 100.085365 0.418893 0.416858 243.965345 0.568364  0.528296 
467 100.515381 0.419514 0.417477 244.297012 0.568974  0.528885 
468 100.946312 0.420220 0.418180 244.671775 0.569529  0.529554 
469 101.378166 0.420837 0.418797 244.987049 0.570055  0.530140 
470 101.810944 0.421458 0.419417 245.299371 0.570620  0.530729 
471 102.244644 0.422064 0.420022 245.597468 0.571164  0.531304 
472 102.679268 0.422705 0.420659 245.952037 0.571690  0.531907 
473 103.114807 0.423317 0.421270 246.265745 0.572223  0.532487 
474 103.551270 0.423940 0.421892 246.597009 0.572727  0.533075 
475 103.988655 0.424532 0.422482 246.923644 0.573294  0.533634 
476 104.426964 0.425170 0.423118 247.250279 0.573811  0.534235 
477 104.866196 0.425733 0.423679 247.531827 0.574366  0.534765 
478 105.306351 0.426352 0.424295 247.831513 0.574950  0.535347 
479 105.747421 0.427000 0.424941 248.174451 0.575466  0.535956 
480 106.189415 0.427565 0.425504 248.456782 0.576086  0.536487 
481 106.632332 0.428255 0.426193 248.795628 0.576632  0.537136 
482 107.076172 0.428885 0.426822 249.126825 0.577175  0.537729 
483 107.520935 0.429485 0.427422 249.434987 0.577648  0.538293 
484 107.966614 0.430041 0.427977 249.717675 0.578202  0.538815 
485 108.413216 0.430703 0.428639 250.051042 0.578701  0.539436 
486 108.860741 0.431334 0.429269 250.376559 0.579262  0.540028 
487 109.309189 0.431965 0.429899 250.694382 0.579801  0.540618 
488 109.758560 0.432598 0.430529 251.029471 0.580310  0.541210 
489 110.208855 0.433181 0.431111 251.331012 0.580878  0.541754 
490 110.660065 0.433811 0.431740 251.644832 0.581422  0.542343 
491 111.112198 0.434481 0.432408 251.999826 0.581893  0.542968 
492 111.565254 0.435025 0.432951 252.275827 0.582356  0.543475 
493 112.019234 0.435544 0.433469 252.533601 0.582940  0.543959 
494 112.474136 0.436156 0.434080 252.822977 0.583457  0.544529 
495 112.929955 0.436757 0.434680 253.130893 0.583937  0.545089 
496 113.386696 0.437313 0.435234 253.403271 0.584379  0.545605 
497 113.844360 0.437849 0.435769 253.679116 0.584884  0.546104 
498 114.302948 0.438437 0.436356 253.968402 0.585467  0.546650 
499 114.762459 0.439143 0.437061 254.326414 0.585946  0.547306 
500 115.222893 0.439708 0.437626 254.618340 0.586434  0.547831 
501 115.684242 0.440271 0.438188 254.900268 0.586881  0.548353 
502 116.146515 0.440795 0.438711 255.166697 0.587456  0.548838 
503 116.609711 0.441460 0.439375 255.496150 0.587924  0.549454 
504 117.073830 0.442042 0.439954 255.804938 0.588393  0.549991 
505 117.538872 0.442608 0.440519 256.097936 0.588890  0.550514 
506 118.004829 0.443180 0.441091 256.387424 0.589338  0.551044 
507 118.471710 0.443705 0.441614 256.645936 0.589810  0.551528 
508 118.939514 0.444265 0.442175 256.925225 0.590330  0.552046 
509 119.408241 0.444872 0.442781 257.217709 0.590793  0.552606 
510 119.877892 0.445430 0.443339 257.499928 0.591356  0.553120 
511 120.348465 0.446100 0.444006 257.837947 0.591769  0.553736 
512 120.819954 0.446636 0.444540 258.116990 0.592231  0.554228 
513 121.292366 0.447177 0.445080 258.375815 0.592709  0.554726 
514 121.765701 0.447764 0.445668 258.667270 0.593123  0.555267 
515 122.239960 0.448264 0.446166 258.921623 0.593610  0.555726 
516 122.715141 0.448849 0.446749 259.221174 0.594056  0.556262 
517 123.191246 0.449405 0.447303 259.502991 0.594529  0.556771 
518 123.668266 0.449958 0.447857 259.776375 0.594972  0.557279 
519 124.146210 0.450516 0.448414 260.061278 0.595465  0.557791 
520 124.625076 0.451111 0.449006 260.376194 0.595924  0.558333 
521 125.104866 0.451669 0.449562 260.661924 0.596352  0.558843 
522 125.585579 0.452173 0.450066 260.910462 0.596790  0.559305 
523 126.067207 0.452690 0.450583 261.176645 0.597306  0.559778 
524 126.549759 0.453280 0.451172 261.476286 0.597735  0.560316 
525 127.033234 0.453802 0.451691 261.743252 0.598178  0.560791 
526 127.517632 0.454331 0.452219 262.001832 0.598580  0.561274 
527 128.002945 0.454833 0.452721 262.259852 0.599018  0.561732 
528 128.489182 0.455367 0.453254 262.525543 0.599445  0.562218 
529 128.976349 0.455898 0.453784 262.784212 0.599912  0.562702 
530 129.464432 0.456493 0.454376 263.097630 0.600346  0.563241 
531 129.953430 0.457012 0.454895 263.359206 0.600891  0.563713 
532 130.443359 0.457687 0.455568 263.698924 0.601292  0.564326 
533 130.934204 0.458196 0.456075 263.969178 0.601709  0.564787 
534 131.425980 0.458715 0.456592 264.226460 0.602194  0.565258 
535 131.918671 0.459293 0.457169 264.509864 0.602678  0.565781 
536 132.412292 0.459839 0.457714 264.788013 0.603141  0.566276 
537 132.906830 0.460397 0.458269 265.074637 0.603538  0.566780 
538 133.402283 0.460887 0.458758 265.327246 0.603985  0.567223 
539 133.898666 0.461448 0.459316 265.614496 0.604417  0.567728 
540 134.395966 0.461984 0.459850 265.894769 0.604865  0.568212 
541 134.894196 0.462508 0.460373 266.145656 0.605282  0.568686 
542 135.393341 0.463013 0.460878 266.393701 0.605725  0.569142 
543 135.893402 0.463552 0.461417 266.669188 0.606114  0.569629 
544 136.394394 0.464034 0.461898 266.907908 0.606500  0.570064 
545 136.896301 0.464532 0.462393 267.178206 0.606932  0.570511 
546 137.399139 0.465049 0.462908 267.437569 0.607337  0.570976 
547 137.902893 0.465556 0.463414 267.695231 0.607829  0.571432 
548 138.407562 0.466138 0.463994 267.974230 0.608233  0.571955 
549 138.913162 0.466650 0.464505 268.231445 0.608673  0.572415 
550 139.419678 0.467208 0.465061 268.516593 0.609126  0.572915 
551 139.927124 0.467781 0.465632 268.802882 0.609488  0.573429 
552 140.435486 0.468237 0.466088 269.026931 0.609928  0.573838 
553 140.944778 0.468781 0.466629 269.291303 0.610387  0.574325 
554 141.454987 0.469322 0.467168 269.556211 0.610787  0.574809 
555 141.966110 0.469785 0.467631 269.782228 0.611159  0.575224 
556 142.478165 0.470273 0.468117 270.040316 0.611556  0.575660 
557 142.991135 0.470780 0.468622 270.297911 0.611902  0.576113 
558 143.505035 0.471256 0.469095 270.545621 0.612341  0.576536 
559 144.019852 0.471826 0.469663 270.836808 0.612753  0.577045 
560 144.535583 0.472343 0.470179 271.106726 0.613211  0.577507 
561 145.052246 0.472884 0.470720 271.377249 0.613642  0.577990 
562 145.569824 0.473452 0.471285 271.676420 0.614103  0.578495 
563 146.088333 0.474022 0.471853 271.967294 0.614511  0.579003 
564 146.607758 0.474508 0.472338 272.208876 0.614961  0.579435 
565 147.128098 0.475058 0.472886 272.490223 0.615359  0.579924 
566 147.649368 0.475570 0.473397 272.755735 0.615748  0.580379 
567 148.171555 0.476061 0.473885 273.006599 0.616217  0.580814 
568 148.694672 0.476619 0.474441 273.287945 0.616620  0.581309 
569 149.218704 0.477102 0.474923 273.523758 0.616994  0.581739 
570 149.743652 0.477597 0.475417 273.779005 0.617390  0.582177 
571 150.269531 0.478092 0.475910 274.028035 0.617847  0.582616 
572 150.796326 0.478686 0.476503 274.321771 0.618250  0.583143 
573 151.324051 0.479181 0.476997 274.562034 0.618655  0.583581 
574 151.852692 0.479693 0.477508 274.814597 0.619050  0.584035 
575 152.382263 0.480188 0.478004 275.057678 0.619448  0.584474 
576 152.912750 0.480678 0.478493 275.312769 0.619822  0.584907 
577 153.444153 0.481171 0.478984 275.564259 0.620180  0.585342 
578 153.976486 0.481654 0.479465 275.813646 0.620578  0.585769 
579 154.509735 0.482159 0.479968 276.071152 0.620988  0.586213 
580 155.043915 0.482678 0.480486 276.329754 0.621347  0.586671 
581 155.579010 0.483129 0.480937 276.556956 0.621687  0.587070 
582 156.115021 0.483573 0.481378 276.791806 0.622063  0.587460 
583 156.651962 0.484012 0.481818 277.003465 0.622414  0.587848 
584 157.189819 0.484457 0.482261 277.224785 0.622759  0.588238 
585 157.728607 0.484920 0.482722 277.467105 0.623224  0.588645 
586 158.268311 0.485490 0.483292 277.747915 0.623562  0.589147 
587 158.808929 0.485913 0.483713 277.954609 0.623949  0.589518 
588 159.350479 0.486391 0.484190 278.188207 0.624317  0.589938 
589 159.892944 0.486869 0.484666 278.422566 0.624758  0.590357 
590 160.436340 0.487398 0.485194 278.675822 0.625183  0.590822 
591 160.980652 0.487931 0.485725 278.951287 0.625585  0.591288 
592 161.525894 0.488424 0.486218 279.194927 0.625912  0.591721 
593 162.072052 0.488851 0.486644 279.400614 0.626245  0.592095 
594 162.619125 0.489288 0.487080 279.621800 0.626619  0.592478 
595 163.167130 0.489797 0.487588 279.878769 0.626996  0.592924 
596 163.716049 0.490314 0.488103 280.142336 0.627408  0.593375 
597 164.265900 0.490843 0.488630 280.405299 0.627761  0.593836 
598 164.816666 0.491324 0.489109 280.648424 0.628125  0.594255 
599 165.368347 0.491792 0.489575 280.886160 0.628466  0.594664 
600 165.920959 0.492209 0.489991 281.083192 0.628848  0.595027 
601 166.474487 0.492721 0.490500 281.350113 0.629265  0.595472 
602 167.028946 0.493253 0.491029 281.621195 0.629673  0.595934 
603 167.584320 0.493760 0.491537 281.864343 0.630004  0.596378 
604 168.140610 0.494199 0.491976 282.083560 0.630409  0.596761 
605 168.697830 0.494692 0.492469 282.315660 0.630801  0.597190 
606 169.255966 0.495199 0.492976 282.572987 0.631172  0.597632 
607 169.815033 0.495655 0.493431 282.787553 0.631533  0.598029 
608 170.375015 0.496114 0.493889 283.018960 0.631912  0.598427 
609 170.935913 0.496614 0.494387 283.275146 0.632235  0.598861 
610 171.497742 0.497036 0.494808 283.482220 0.632599  0.599227 
611 172.060486 0.497502 0.495275 283.712061 0.632937  0.599633 
612 172.624161 0.497943 0.495715 283.938614 0.633305  0.600015 
613 173.188751 0.498436 0.496206 284.188002 0.633627  0.600441 
614 173.754272 0.498836 0.496606 284.380292 0.633951  0.600789 
615 174.320709 0.499254 0.497024 284.585219 0.634270  0.601152 
616 174.888062 0.499715 0.497485 284.824565 0.634597  0.601551 
617 175.456345 0.500166 0.497935 285.054540 0.634948  0.601941 
618 176.025543 0.500605 0.498373 285.278186 0.635273  0.602321 
619 176.595673 0.501023 0.498790 285.479244 0.635569  0.602681 
620 177.166718 0.501416 0.499180 285.682449 0.635881  0.603019 
621 177.738678 0.501828 0.499591 285.901420 0.636205  0.603375 
622 178.311569 0.502239 0.500000 286.104759 0.636552  0.603729 
623 178.885376 0.502695 0.500455 286.336233 0.636917  0.604122 
624 179.460114 0.503192 0.500950 286.599263 0.637249  0.604549 
625 180.035767 0.503627 0.501381 286.825794 0.637597  0.604922 
626 180.612335 0.504073 0.501827 287.048545 0.637957  0.605306 
627 181.189835 0.504553 0.502306 287.287153 0.638261  0.605719 
628 181.768250 0.504983 0.502732 287.512946 0.638584  0.606087 
629 182.347595 0.505408 0.503155 287.723441 0.638986  0.606451 
630 182.927856 0.505903 0.503649 287.962899 0.639383  0.606876 
631 183.509033 0.506424 0.504169 288.224990 0.639698  0.607323 
632 184.091141 0.506825 0.504567 288.423095 0.640021  0.607666 
633 184.674164 0.507247 0.504987 288.636387 0.640373  0.608027 
634 185.258118 0.507691 0.505430 288.851489 0.640688  0.608407 
635 185.842987 0.508128 0.505865 289.070774 0.640987  0.608781 
636 186.428787 0.508528 0.506263 289.273062 0.641356  0.609123 
637 187.015503 0.508997 0.506730 289.506034 0.641693  0.609524 
638 187.603134 0.509479 0.507211 289.760073 0.641939  0.609936 
639 188.191696 0.509814 0.507544 289.922955 0.642217  0.610222 
640 188.781174 0.510232 0.507959 290.143783 0.642535  0.610577 
641 189.371582 0.510642 0.508368 290.345042 0.642804  0.610928 
642 189.962906 0.511018 0.508742 290.544198 0.643142  0.611248 
643 190.555145 0.511457 0.509180 290.762141 0.643420  0.611623 
644 191.148315 0.511836 0.509556 290.963803 0.643735  0.611944 
645 191.742401 0.512265 0.509984 291.175350 0.644028  0.612310 
646 192.337418 0.512627 0.510346 291.351784 0.644310  0.612619 
647 192.933350 0.512988 0.510706 291.529113 0.644631  0.612927 
648 193.530197 0.513427 0.511143 291.753228 0.644934  0.613300 
649 194.127975 0.513830 0.511545 291.949388 0.645272  0.613643 
650 194.726669 0.514282 0.511994 292.175830 0.645586  0.614026 
651 195.326294 0.514699 0.512410 292.377447 0.645917  0.614381 
652 195.926834 0.515133 0.512845 292.588613 0.646264  0.614751 
653 196.528305 0.515582 0.513292 292.813511 0.646565  0.615132 
654 197.130692 0.515958 0.513666 292.999518 0.646893  0.615451 
655 197.733994 0.516388 0.514094 293.215895 0.647217  0.615815 
656 198.338226 0.516822 0.514527 293.432384 0.647471  0.616183 
657 198.943375 0.517184 0.514888 293.622238 0.647826  0.616490 
658 199.549454 0.517659 0.515362 293.864424 0.648151  0.616893 
659 200.156448 0.518067 0.515769 294.066309 0.648432  0.617238 
660 200.764359 0.518463 0.516164 294.273785 0.648723  0.617573 
661 201.373199 0.518846 0.516546 294.462520 0.648991  0.617898 
662 201.982956 0.519205 0.516904 294.645597 0.649287  0.618201 
663 202.593643 0.519589 0.517286 294.835718 0.649590  0.618525 
664 203.205246 0.519962 0.517660 295.006069 0.649876  0.618842 
665 203.817764 0.520338 0.518036 295.191360 0.650186  0.619161 
666 204.431213 0.520751 0.518447 295.403600 0.650476  0.619509 
667 205.045578 0.521176 0.518872 295.616488 0.650793  0.619868 
668 205.660873 0.521622 0.519316 295.845301 0.651098  0.620244 
669 206.277084 0.522059 0.519752 296.064541 0.651392  0.620613 
670 206.894211 0.522481 0.520173 296.275260 0.651643  0.620969 
671 207.512268 0.522830 0.520522 296.449749 0.651921  0.621263 
672 208.131241 0.523224 0.520914 296.651164 0.652214  0.621594 
673 208.751144 0.523634 0.521322 296.862800 0.652546  0.621939 
674 209.371964 0.524073 0.521760 297.087341 0.652845  0.622308 
675 209.993713 0.524481 0.522167 297.281421 0.653176  0.622652 
676 210.616379 0.524946 0.522629 297.529824 0.653400  0.623041 
677 211.239960 0.525274 0.522956 297.704648 0.653693  0.623316 
678 211.864471 0.525672 0.523353 297.904319 0.653971  0.623650 
679 212.489899 0.526026 0.523706 298.075565 0.654273  0.623948 
680 213.116257 0.526410 0.524089 298.265485 0.654574  0.624270 
681 213.743530 0.526810 0.524488 298.473230 0.654833  0.624606 
682 214.371719 0.527174 0.524850 298.664447 0.655145  0.624910 
683 215.000839 0.527611 0.525286 298.887512 0.655459  0.625276 
684 215.630875 0.528043 0.525716 299.107870 0.655789  0.625637 
685 216.261841 0.528441 0.526113 299.297768 0.656122  0.625971 
686 216.893723 0.528858 0.526530 299.491848 0.656402  0.626320 
687 217.526520 0.529266 0.526936 299.705810 0.656706  0.626661 
688 218.160248 0.529681 0.527350 299.920599 0.656998  0.627008 
689 218.794891 0.530081 0.527748 300.132482 0.657290  0.627342 
690 219.430466 0.530496 0.528163 300.345191 0.657577  0.627689 
691 220.066956 0.530850 0.528516 300.511226 0.657824  0.627985 
692 220.704376 0.531166 0.528831 300.663015 0.658108  0.628248 
693 221.342712 0.531527 0.529191 300.836586 0.658387  0.628550 
694 221.981964 0.531916 0.529577 301.037912 0.658696  0.628873 
695 222.622147 0.532292 0.529952 301.223427 0.658989  0.629186 
696 223.263245 0.532709 0.530368 301.437702 0.659269  0.629533 
697 223.905273 0.533080 0.530738 301.618922 0.659568  0.629843 
698 224.548218 0.533464 0.531120 301.813874 0.659838  0.630162 
699 225.192078 0.533833 0.531488 301.998472 0.660109  0.630469 
700 225.836868 0.534192 0.531846 302.172289 0.660369  0.630768 
701 226.482574 0.534541 0.532195 302.346688 0.660640  0.631058 
702 227.129211 0.534893 0.532546 302.521065 0.660923  0.631351 
703 227.776764 0.535267 0.532917 302.709956 0.661207  0.631660 
704 228.425232 0.535662 0.533311 302.914324 0.661521  0.631988 
705 229.074631 0.536082 0.533729 303.123769 0.661767  0.632336 
706 229.724945 0.536422 0.534069 303.290362 0.662057  0.632618 
707 230.376190 0.536827 0.534473 303.490212 0.662291  0.632954 
708 231.028351 0.537152 0.534796 303.661861 0.662572  0.633223 
709 231.681427 0.537550 0.535192 303.860771 0.662829  0.633553 
710 232.335434 0.537902 0.535543 304.042215 0.663140  0.633844 
711 232.990356 0.538305 0.535946 304.242043 0.663422  0.634179 
712 233.646210 0.538729 0.536370 304.460970 0.663697  0.634530 
713 234.302979 0.539127 0.536766 304.662945 0.663966  0.634859 
714 234.960678 0.539513 0.537149 304.870510 0.664243  0.635177 
715 235.619293 0.539909 0.537542 305.085501 0.664492  0.635502 
716 236.278824 0.540261 0.537893 305.264888 0.664784  0.635793 
717 236.939285 0.540644 0.538276 305.447047 0.665063  0.636111 
718 237.600662 0.541040 0.538670 305.643095 0.665315  0.636437 
719 238.262970 0.541374 0.539005 305.797478 0.665617  0.636714 
720 238.926193 0.541767 0.539397 305.988584 0.665890  0.637038 
721 239.590332 0.542148 0.539777 306.186197 0.666213  0.637352 
722 240.255402 0.542576 0.540203 306.401099 0.666453  0.637704 
723 240.921387 0.542891 0.540518 306.556175 0.666729  0.637965 
724 241.588303 0.543248 0.540874 306.736120 0.667010  0.638258 
725 242.256134 0.543621 0.541247 306.914366 0.667263  0.638566 
726 242.924881 0.543981 0.541605 307.092254 0.667504  0.638861 
727 243.594559 0.544330 0.541953 307.276628 0.667793  0.639148 
728 244.265152 0.544696 0.542318 307.449931 0.668028  0.639449 
729 244.936676 0.545026 0.542646 307.612119 0.668306  0.639720 
730 245.609116 0.545424 0.543042 307.815950 0.668521  0.640046 
731 246.282471 0.545716 0.543333 307.955550 0.668835  0.640285 
732 246.956757 0.546138 0.543754 308.163048 0.669058  0.640632 
733 247.631958 0.546456 0.544070 308.330939 0.669336  0.640892 
734 248.308090 0.546846 0.544460 308.524908 0.669583  0.641213 
735 248.985138 0.547203 0.544816 308.708968 0.669834  0.641506 
736 249.663116 0.547572 0.545183 308.901706 0.670094  0.641808 
737 250.342010 0.547902 0.545513 309.059712 0.670374  0.642078 
738 251.021820 0.548283 0.545893 309.252965 0.670620  0.642390 
739 251.702560 0.548642 0.546249 309.440156 0.670873  0.642683 
740 252.384216 0.549011 0.546617 309.617798 0.671116  0.642985 
741 253.066803 0.549353 0.546958 309.795888 0.671377  0.643264 
742 253.750305 0.549712 0.547315 309.971204 0.671641  0.643558 
743 254.434723 0.550093 0.547695 310.166379 0.671901  0.643868 
744 255.120071 0.550467 0.548067 310.357865 0.672165  0.644174 
745 255.806335 0.550833 0.548432 310.543514 0.672393  0.644473 
746 256.493530 0.551156 0.548754 310.707290 0.672677  0.644736 
747 257.181641 0.551530 0.549126 310.897746 0.672931  0.645040 
748 257.870667 0.551918 0.549513 311.098267 0.673173  0.645357 
749 258.560608 0.552275 0.549867 311.292168 0.673402  0.645647 
750 259.251495 0.552590 0.550182 311.449257 0.673630  0.645904 
751 259.943298 0.552920 0.550511 311.614889 0.673874  0.646172 
752 260.636017 0.553233 0.550822 311.772538 0.674120  0.646427 
753 261.329651 0.553580 0.551168 311.943537 0.674361  0.646709 
754 262.024200 0.553932 0.551519 312.122275 0.674607  0.646995 
755 262.719696 0.554289 0.551873 312.314543 0.674867  0.647284 
756 263.416107 0.554636 0.552219 312.482613 0.675108  0.647566 
757 264.113434 0.554995 0.552576 312.677409 0.675364  0.647857 
758 264.811676 0.555344 0.552924 312.849057 0.675598  0.648141 
759 265.510834 0.555686 0.553265 313.026207 0.675874  0.648418 
760 266.210938 0.556070 0.553647 313.211766 0.676112  0.648730 
761 266.911957 0.556383 0.553959 313.363532 0.676359  0.648984 
762 267.613892 0.556764 0.554338 313.564970 0.676614  0.649292 
763 268.316742 0.557116 0.554689 313.741136 0.676858  0.649578 
764 269.020538 0.557480 0.555053 313.922670 0.677117  0.649873 
765 269.725250 0.557822 0.555395 314.092954 0.677358  0.650151 
766 270.430878 0.558154 0.555726 314.265899 0.677617  0.650420 
767 271.137421 0.558523 0.556095 314.452912 0.677849  0.650719 
768 271.844879 0.558836 0.556408 314.608681 0.678120  0.650973 
769 272.553284 0.559236 0.556806 314.817276 0.678350  0.651297 
770 273.262604 0.559530 0.557100 314.951687 0.678590  0.651535 
771 273.972839 0.559875 0.557444 315.128323 0.678830  0.651814 
772 274.683990 0.560239 0.557806 315.321105 0.679089  0.652108 
773 275.396057 0.560598 0.558165 315.499396 0.679336  0.652398 
774 276.109070 0.560940 0.558507 315.667041 0.679576  0.652675 
775 276.822998 0.561289 0.558856 315.843386 0.679796  0.652958 
776 277.537842 0.561600 0.559165 315.997277 0.680053  0.653208 
777 278.253601 0.561966 0.559531 316.190909 0.680288  0.653504 
778 278.970276 0.562318 0.559881 316.371705 0.680537  0.653787 
779 279.687897 0.562694 0.560256 316.568916 0.680807  0.654090 
780 280.406433 0.563063 0.560622 316.760357 0.681016  0.654386 
781 281.125885 0.563383 0.560941 316.923663 0.681313  0.654644 
782 281.846252 0.563808 0.561365 317.145095 0.681586  0.654986 
783 282.567535 0.564177 0.561733 317.328484 0.681808  0.655283 
784 283.289764 0.564517 0.562071 317.506484 0.682037  0.655555 
785 284.012909 0.564847 0.562398 317.683053 0.682276  0.655819 
786 284.736969 0.565181 0.562732 317.847701 0.682475  0.656088 
787 285.461945 0.565468 0.563018 317.995531 0.682698  0.656318 
788 286.187836 0.565803 0.563351 318.166307 0.682955  0.656587 
789 286.914673 0.566155 0.563701 318.347259 0.683212  0.656869 
790 287.642426 0.566499 0.564044 318.512175 0.683475  0.657145 
791 288.371094 0.566880 0.564424 318.704220 0.683693  0.657451 
792 289.100677 0.567188 0.564731 318.859878 0.683921  0.657698 
793 289.831177 0.567511 0.565052 319.024078 0.684167  0.657956 
794 290.562622 0.567843 0.565382 319.194251 0.684373  0.658221 
795 291.294983 0.568142 0.565679 319.342237 0.684622  0.658460 
796 292.028259 0.568489 0.566026 319.515071 0.684844  0.658738 
797 292.762451 0.568812 0.566347 319.677482 0.685067  0.658996 
798 293.497559 0.569134 0.566669 319.841527 0.685300  0.659254 
799 294.233612 0.569464 0.566997 320.011475 0.685550  0.659517 
800 294.970581 0.569826 0.567358 320.199875 0.685787  0.659807 
801 295.708466 0.570171 0.567701 320.374743 0.686002  0.660082 
802 296.447266 0.570501 0.568030 320.546615 0.686251  0.660346 
803 297.187012 0.570835 0.568364 320.708870 0.686537  0.660613 
804 297.927673 0.571231 0.568758 320.911136 0.686781  0.660929 
805 298.669250 0.571590 0.569115 321.094190 0.687017  0.661215 
806 299.411743 0.571910 0.569435 321.250071 0.687224  0.661470 
807 300.155151 0.572185 0.569708 321.385377 0.687451  0.661689 
808 300.899506 0.572490 0.570014 321.533386 0.687672  0.661934 
809 301.644775 0.572823 0.570344 321.709597 0.687941  0.662198 
810 302.390961 0.573206 0.570726 321.902268 0.688196  0.662503 
811 303.138062 0.573546 0.571066 322.062890 0.688410  0.662774 
812 303.886078 0.573859 0.571378 322.223624 0.688636  0.663023 
813 304.635040 0.574204 0.571722 322.401736 0.688850  0.663298 
814 305.384918 0.574543 0.572060 322.579378 0.689042  0.663568 
815 306.135712 0.574842 0.572356 322.740537 0.689252  0.663804 
816 306.887421 0.575155 0.572668 322.902770 0.689490  0.664052 
817 307.640045 0.575485 0.572997 323.066792 0.689720  0.664315 
818 308.393616 0.575817 0.573328 323.234035 0.689930  0.664578 
819 309.148102 0.576155 0.573663 323.422613 0.690151  0.664845 
820 309.903503 0.576465 0.573973 323.578561 0.690371  0.665092 
821 310.659821 0.576776 0.574283 323.728001 0.690543  0.665339 
822 311.417053 0.577057 0.574563 323.882541 0.690735  0.665562 
823 312.175232 0.577336 0.574841 324.022968 0.690958  0.665783 
824 312.934326 0.577669 0.575173 324.194929 0.691152  0.666047 
825 313.694336 0.577950 0.575454 324.339919 0.691367  0.666270 
826 314.455261 0.578285 0.575786 324.514967 0.691606  0.666534 
827 315.217102 0.578586 0.576087 324.652867 0.691844  0.666773 
828 315.979889 0.578930 0.576431 324.829502 0.692062  0.667046 
829 316.743591 0.579244 0.576743 324.987016 0.692247  0.667294 
830 317.508209 0.579501 0.576999 325.115277 0.692439  0.667497 
831 318.273743 0.579785 0.577282 325.263689 0.692662  0.667722 
832 319.040192 0.580098 0.577593 325.424512 0.692879  0.667969 
833 319.807587 0.580411 0.577905 325.586343 0.693075  0.668216 
834 320.575897 0.580687 0.578180 325.724690 0.693303  0.668434 
835 321.345123 0.580993 0.578486 325.869277 0.693504  0.668676 
836 322.115265 0.581306 0.578797 326.036698 0.693720  0.668922 
837 322.886322 0.581636 0.579124 326.213759 0.693965  0.669181 
838 323.658325 0.582003 0.579489 326.399810 0.694163  0.669470 
839 324.431244 0.582313 0.579797 326.565532 0.694391  0.669714 
840 325.205078 0.582658 0.580141 326.743017 0.694600  0.669986 
841 325.979828 0.582976 0.580456 326.919518 0.694833  0.670235 
842 326.755493 0.583306 0.580786 327.079694 0.695019  0.670496 
843 327.532104 0.583582 0.581062 327.221440 0.695208  0.670714 
844 328.309631 0.583876 0.581354 327.377970 0.695422  0.670944 
845 329.088074 0.584184 0.581661 327.529468 0.695629  0.671187 
846 329.867432 0.584485 0.581961 327.686691 0.695835  0.671423 
847 330.647736 0.584781 0.582255 327.839598 0.696026  0.671656 
848 331.428955 0.585038 0.582512 327.957169 0.696253  0.671859 
849 332.211090 0.585363 0.582837 328.122242 0.696476  0.672115 
850 332.994141 0.585715 0.583187 328.304692 0.696697  0.672390 
851 333.778107 0.586028 0.583498 328.461244 0.696879  0.672636 
852 334.563019 0.586293 0.583761 328.592301 0.697095  0.672843 
853 335.348846 0.586596 0.584062 328.752767 0.697265  0.673080 
854 336.135590 0.586846 0.584311 328.884830 0.697470  0.673276 
855 336.923248 0.587154 0.584619 329.043752 0.697681  0.673518 
856 337.711823 0.587455 0.584918 329.198985 0.697891  0.673754 
857 338.501343 0.587734 0.585196 329.333776 0.698051  0.673972 
858 339.291779 0.587999 0.585459 329.477245 0.698268  0.674179 
859 340.083130 0.588297 0.585756 329.620602 0.698458  0.674413 
860 340.875397 0.588615 0.586072 329.794420 0.698694  0.674661 
861 341.668579 0.588930 0.586387 329.947528 0.698923  0.674908 
862 342.462708 0.589256 0.586710 330.106853 0.699122  0.675162 
863 343.257751 0.589554 0.587008 330.256159 0.699334  0.675396 
864 344.053711 0.589872 0.587324 330.418705 0.699554  0.675644 
865 344.850586 0.590204 0.587655 330.588050 0.699747  0.675904 
866 345.648376 0.590491 0.587940 330.734851 0.699948  0.676127 
867 346.447113 0.590775 0.588223 330.875592 0.700150  0.676349 
868 347.246765 0.591066 0.588513 331.021632 0.700368  0.676577 
869 348.047333 0.591381 0.588828 331.178721 0.700581  0.676823 
870 348.848816 0.591697 0.589142 331.342654 0.700777  0.677069 
871 349.651215 0.591976 0.589419 331.486346 0.700943  0.677286 
872 350.454559 0.592235 0.589678 331.620512 0.701131  0.677488 
873 351.258820 0.592515 0.589956 331.757405 0.701301  0.677706 
874 352.063995 0.592747 0.590188 331.875065 0.701522  0.677887 
875 352.870087 0.593063 0.590502 332.030365 0.701667  0.678133 
876 353.677094 0.593291 0.590729 332.148965 0.701877  0.678310 
877 354.485046 0.593589 0.591026 332.291248 0.702037  0.678543 
878 355.293915 0.593849 0.591285 332.431742 0.702228  0.678745 
879 356.103699 0.594131 0.591565 332.577224 0.702398  0.678964 
880 356.914398 0.594383 0.591816 332.708504 0.702581  0.679160 
881 357.726013 0.594660 0.592090 332.855663 0.702763  0.679374 
882 358.538574 0.594936 0.592365 333.001749 0.702922  0.679588 
883 359.352051 0.595198 0.592626 333.143138 0.703127  0.679792 
884 360.166443 0.595516 0.592943 333.309620 0.703332  0.680039 
885 360.981750 0.595829 0.593255 333.477936 0.703552  0.680282 
886 361.798004 0.596145 0.593569 333.642383 0.703738  0.680527 
887 362.615173 0.596395 0.593819 333.765410 0.703982  0.680722 
888 363.433258 0.596715 0.594138 333.913352 0.704177  0.680971 
889 364.252258 0.597021 0.594442 334.079611 0.704353  0.681207 
890 365.072174 0.597266 0.594686 334.195012 0.704518  0.681397 
891 365.893036 0.597528 0.594947 334.324056 0.704709  0.681600 
892 366.714813 0.597812 0.595229 334.476180 0.704863  0.681820 
893 367.537506 0.598028 0.595445 334.580667 0.705070  0.681988 
894 368.361115 0.598343 0.595761 334.732299 0.705238  0.682233 
895 369.185638 0.598591 0.596009 334.859151 0.705453  0.682426 
896 370.011108 0.598896 0.596314 335.011185 0.705635  0.682663 
897 370.837494 0.599141 0.596557 335.136092 0.705823  0.682853 
898 371.664795 0.599408 0.596823 335.270190 0.706020  0.683059 
899 372.493011 0.599712 0.597127 335.417818 0.706192  0.683295 
900 373.322144 0.599969 0.597383 335.544827 0.706397  0.683494 
901 374.152222 0.600284 0.597698 335.708782 0.706569  0.683738 
902 374.983215 0.600544 0.597957 335.845295 0.706766  0.683939 
903 375.815125 0.600833 0.598245 335.999320 0.706953  0.684162 
904 376.647949 0.601109 0.598521 336.139300 0.707142  0.684377 
905 377.481689 0.601372 0.598783 336.266510 0.707318  0.684580 
906 378.316376 0.601634 0.599045 336.403896 0.707496  0.684782 
907 379.151978 0.601898 0.599307 336.542601 0.707672  0.684986 
908 379.988495 0.602165 0.599573 336.679383 0.707863  0.685191 
909 380.825928 0.602437 0.599842 336.821756 0.708018  0.685400 
910 381.664276 0.602662 0.600068 336.937537 0.708175  0.685575 
911 382.503571 0.602888 0.600293 337.051194 0.708359  0.685749 
912 383.343781 0.603148 0.600551 337.181490 0.708531  0.685948 
913 384.184906 0.603441 0.600843 337.338646 0.708671  0.686174 
914 385.026947 0.603640 0.601042 337.439041 0.708857  0.686328 
915 385.869904 0.603922 0.601322 337.582868 0.709008  0.686544 
916 386.713806 0.604164 0.601564 337.706790 0.709173  0.686731 
917 387.558624 0.604424 0.601822 337.841224 0.709353  0.686931 
918 388.404358 0.604703 0.602100 337.984491 0.709540  0.687145 
919 389.251007 0.604997 0.602392 338.135273 0.709718  0.687371 
920 390.098572 0.605288 0.602683 338.290797 0.709904  0.687595 
921 390.947083 0.605545 0.602939 338.419773 0.710102  0.687793 
922 391.796509 0.605817 0.603210 338.553648 0.710263  0.688002 
923 392.646851 0.606055 0.603448 338.675110 0.710431  0.688185 
924 393.498108 0.606314 0.603708 338.810058 0.710594  0.688386 
925 394.350311 0.606560 0.603951 338.938654 0.710765  0.688573 
926 395.203430 0.606822 0.604214 339.069733 0.710973  0.688776 
927 396.057465 0.607118 0.604509 339.215103 0.711149  0.689004 
928 396.912415 0.607382 0.604773 339.356559 0.711320  0.689206 
929 397.768280 0.607647 0.605037 339.492424 0.711510  0.689409 
930 398.625092 0.607914 0.605304 339.624800 0.711699  0.689615 
931 399.482819 0.608212 0.605601 339.779943 0.711900  0.689844 
932 400.341461 0.608513 0.605900 339.928355 0.712076  0.690074 
933 401.201019 0.608794 0.606181 340.068938 0.712225  0.690290 
934 402.061493 0.609044 0.606430 340.208516 0.712449  0.690481 
935 402.922913 0.609362 0.606747 340.360998 0.712597  0.690725 
936 403.785248 0.609607 0.606989 340.496035 0.712761  0.690911 
937 404.648499 0.609865 0.607245 340.626935 0.712930  0.691108 
938 405.512665 0.610122 0.607501 340.755822 0.713091  0.691304 
939 406.377747 0.610384 0.607762 340.896630 0.713232  0.691505 
940 407.243774 0.610617 0.607995 341.024511 0.713400  0.691683 
941 408.110718 0.610879 0.608256 341.165340 0.713570  0.691883 
942 408.978577 0.611121 0.608498 341.284275 0.713737  0.692069 
943 409.847351 0.611359 0.608735 341.400929 0.713925  0.692251 
944 410.717041 0.611648 0.609022 341.550705 0.714082  0.692471 
945 411.587677 0.611883 0.609257 341.676573 0.714236  0.692651 
946 412.459229 0.612119 0.609491 341.799511 0.714389  0.692830 
947 413.331696 0.612357 0.609728 341.927235 0.714551  0.693012 
948 414.205078 0.612611 0.609982 342.052812 0.714743  0.693206 
949 415.079376 0.612912 0.610281 342.211892 0.714921  0.693435 
950 415.954620 0.613184 0.610552 342.345408 0.715102  0.693643 
951 416.830780 0.613444 0.610812 342.474698 0.715304  0.693841 
952 417.707855 0.613752 0.611119 342.626330 0.715472  0.694076 
953 418.585846 0.614021 0.611386 342.765796 0.715665  0.694281 
954 419.464752 0.614332 0.611696 342.926977 0.715842  0.694517 
955 420.344604 0.614628 0.611991 343.080555 0.716000  0.694743 
956 421.225372 0.614858 0.612221 343.193630 0.716177  0.694919 
957 422.107056 0.615116 0.612477 343.325716 0.716312  0.695114 
958 422.989655 0.615366 0.612727 343.463347 0.716465  0.695305 
959 423.873169 0.615611 0.612971 343.590356 0.716640  0.695491 
960 424.757629 0.615878 0.613236 343.731789 0.716827  0.695694 
961 425.643005 0.616149 0.613507 343.866916 0.716996  0.695900 
962 426.529297 0.616421 0.613776 344.019667 0.717203  0.696105 
963 427.416504 0.616712 0.614066 344.162509 0.717404  0.696327 
964 428.304657 0.616999 0.614352 344.305687 0.717582  0.696544 
965 429.193726 0.617251 0.614603 344.431734 0.717725  0.696736 
966 430.083710 0.617457 0.614809 344.533694 0.717887  0.696893 
967 430.974609 0.617727 0.615077 344.676269 0.718029  0.697097 
968 431.866425 0.617947 0.615297 344.791827 0.718185  0.697264 
969 432.759186 0.618200 0.615548 344.928362 0.718332  0.697455 
970 433.652863 0.618457 0.615802 345.078720 0.718542  0.697649 
971 434.547455 0.618768 0.616111 345.233125 0.718712  0.697884 
972 435.442963 0.619022 0.616365 345.368967 0.718883  0.698078 
973 436.339386 0.619289 0.616632 345.502663 0.719040  0.698280 
974 437.236755 0.619539 0.616880 345.633496 0.719212  0.698469 
975 438.135040 0.619794 0.617134 345.763546 0.719377  0.698662 
976 439.034241 0.620042 0.617380 345.888698 0.719554  0.698849 
977 439.934357 0.620299 0.617636 346.014477 0.719721  0.699043 
978 440.835388 0.620527 0.617863 346.127820 0.719882  0.699216 
979 441.737366 0.620765 0.618100 346.245592 0.720062  0.699396 
980 442.640259 0.621053 0.618390 346.395010 0.720205  0.699615 
981 443.544067 0.621291 0.618627 346.520565 0.720353  0.699795 
982 444.448792 0.621514 0.618850 346.635295 0.720517  0.699964 
983 445.354431 0.621796 0.619130 346.781806 0.720669  0.700177 
984 446.261017 0.622024 0.619356 346.901434 0.720844  0.700348 
985 447.168518 0.622272 0.619604 347.016053 0.721035  0.700536 
986 448.076935 0.622575 0.619904 347.181170 0.721189  0.700764 
987 448.986267 0.622813 0.620141 347.300329 0.721350  0.700943 
988 449.896515 0.623082 0.620409 347.441718 0.721515  0.701146 
989 450.807709 0.623344 0.620669 347.578142 0.721713  0.701343 
990 451.719818 0.623648 0.620972 347.721879 0.721865  0.701572 
991 452.632843 0.623873 0.621196 347.843498 0.722032  0.701742 
992 453.546783 0.624123 0.621445 347.969209 0.722186  0.701930 
993 454.461639 0.624366 0.621685 348.095770 0.722368  0.702112 
994 455.377441 0.624638 0.621955 348.231568 0.722502  0.702316 
995 456.294159 0.624873 0.622190 348.364123 0.722669  0.702493 
996 457.211792 0.625157 0.622473 348.524500 0.722833  0.702707 
997 458.130341 0.625409 0.622724 348.649898 0.722995  0.702897 
998 459.049805 0.625649 0.622964 348.776996 0.723153  0.703078 
999 459.970215 0.625897 0.623210 348.904340 0.725682  0.703264 
1000 460.891541 0.626157 0.623468 348.148909 0.725682 0.703459
