Cycle  time(h) alpha_mass  Chemical shrinkage (ml/g cement)
0 0.000000 0.000000 0.000000
1 0.000461 0.000088 0.000005
2 0.001844 0.000328 0.000001
3 0.004148 0.000644 -0.000006
4 0.007374 0.001188 -0.000011
5 0.011522 0.001496 -0.000016
6 0.016592 0.002072 -0.000019
7 0.022584 0.002609 -0.000024
8 0.029497 0.003229 -0.000026
9 0.037332 0.003801 -0.000033
10 0.046089 0.004432 -0.000037
11 0.055768 0.004711 -0.000034
12 0.066368 0.005243 -0.000038
13 0.077891 0.005516 -0.000039
14 0.090335 0.005818 -0.000040
15 0.103701 0.006090 -0.000040
16 0.117988 0.006372 -0.000034
17 0.133198 0.006680 -0.000035
18 0.149329 0.006955 -0.000029
19 0.166382 0.007272 -0.000027
20 0.184357 0.007880 -0.000023
21 0.203253 0.008190 -0.000010
22 0.223072 0.008820 -0.000006
23 0.243812 0.009343 0.000011
24 0.265474 0.009630 0.000024
25 0.288057 0.009957 0.000041
26 0.311563 0.010491 0.000055
27 0.335990 0.010760 0.000078
28 0.361339 0.011398 0.000099
29 0.387610 0.011893 0.000122
30 0.414802 0.012222 0.000156
31 0.442917 0.012439 0.000185
32 0.471953 0.013015 0.000213
33 0.501911 0.013344 0.000249
34 0.532791 0.013676 0.000284
35 0.564592 0.014030 0.000316
36 0.597315 0.014368 0.000355
37 0.630961 0.014730 0.000389
38 0.665527 0.015346 0.000426
39 0.701016 0.015711 0.000468
40 0.737427 0.016230 0.000506
41 0.774759 0.016579 0.000537
42 0.813013 0.016935 0.000576
43 0.852189 0.017564 0.000605
44 0.892286 0.018164 0.000641
45 0.933306 0.018517 0.000678
46 0.975247 0.018869 0.000712
47 1.018110 0.019554 0.000741
48 1.061894 0.020174 0.000785
49 1.106601 0.020776 0.000827
50 1.152229 0.021420 0.000865
51 1.198779 0.021974 0.000910
52 1.246251 0.022637 0.000943
53 1.294645 0.023041 0.000979
54 1.343960 0.023727 0.001018
55 1.394197 0.024139 0.001063
56 1.445356 0.024859 0.001101
57 1.497437 0.025235 0.001137
58 1.550439 0.025587 0.001175
59 1.604364 0.026218 0.001220
60 1.659210 0.026422 0.001266
61 1.714978 0.026712 0.001306
62 1.771667 0.026846 0.001347
63 1.829279 0.027154 0.001371
64 1.887812 0.027421 0.001413
65 1.947267 0.027584 0.001440
66 2.007644 0.027745 0.001471
67 2.068942 0.028069 0.001511
68 2.131163 0.028373 0.001544
69 2.194305 0.028587 0.001582
70 2.258369 0.028856 0.001613
71 2.323354 0.029146 0.001648
72 2.389262 0.029502 0.001677
73 2.456091 0.029702 0.001704
74 2.523842 0.029854 0.001741
75 2.592515 0.030144 0.001773
76 2.662110 0.030498 0.001805
77 2.732626 0.030720 0.001844
78 2.804064 0.031065 0.001886
79 2.876424 0.031364 0.001913
80 2.949706 0.031568 0.001952
81 3.023910 0.031884 0.001984
82 3.099035 0.032168 0.002024
83 3.175082 0.032552 0.002061
84 3.252051 0.032930 0.002103
85 3.329942 0.033254 0.002146
86 3.408754 0.033534 0.002184
87 3.488488 0.033872 0.002221
88 3.569144 0.034238 0.002267
89 3.650722 0.034573 0.002314
90 3.733222 0.034851 0.002362
91 3.816643 0.035085 0.002408
92 3.900986 0.035473 0.002453
93 3.986251 0.035840 0.002504
94 4.072438 0.036083 0.002558
95 4.159546 0.036427 0.002601
96 4.247577 0.036825 0.002644
97 4.336529 0.037210 0.002693
98 4.426403 0.037594 0.002743
99 4.517198 0.037969 0.002790
100 4.608915 0.038356 0.002840
101 4.701554 0.038764 0.002891
102 4.795115 0.039090 0.002934
103 4.889598 0.039483 0.002991
104 4.985003 0.039869 0.003043
105 5.081329 0.040258 0.003099
106 5.178577 0.040670 0.003161
107 5.276747 0.041106 0.003215
108 5.375839 0.041507 0.003271
109 5.475852 0.041894 0.003329
110 5.576787 0.042245 0.003382
111 5.678645 0.042662 0.003433
112 5.781424 0.043123 0.003491
113 5.885124 0.043526 0.003548
114 5.989747 0.043993 0.003603
115 6.095291 0.044476 0.003654
116 6.201756 0.044921 0.003719
117 6.309144 0.045359 0.003771
118 6.417454 0.045859 0.003831
119 6.526685 0.046337 0.003885
120 6.636838 0.046805 0.003951
121 6.747913 0.047274 0.004012
122 6.859910 0.047784 0.004064
123 6.972828 0.048358 0.004127
124 7.086668 0.048950 0.004180
125 7.201430 0.049394 0.004242
126 7.317114 0.049972 0.004313
127 7.433720 0.050546 0.004383
128 7.551247 0.051112 0.004446
129 7.669696 0.051666 0.004507
130 7.789067 0.052245 0.004576
131 7.909360 0.052816 0.004625
132 8.030575 0.053453 0.004695
133 8.152711 0.054076 0.004766
134 8.275769 0.054682 0.004832
135 8.399749 0.055399 0.004909
136 8.524651 0.056084 0.004978
137 8.650474 0.056739 0.005057
138 8.777219 0.057481 0.005126
139 8.904886 0.058198 0.005194
140 9.033475 0.058900 0.005271
141 9.162986 0.059665 0.005351
142 9.293418 0.060485 0.005422
143 9.424772 0.061366 0.005504
144 9.557048 0.062208 0.005595
145 9.690246 0.063147 0.005677
146 9.824365 0.064009 0.005755
147 9.959406 0.065008 0.005836
148 10.095369 0.065914 0.005911
149 10.232254 0.066909 0.005994
150 10.370061 0.067886 0.006082
151 10.508789 0.068933 0.006183
152 10.648439 0.070035 0.006269
153 10.789011 0.071222 0.006366
154 10.930505 0.072575 0.006469
155 11.072920 0.073721 0.006595
156 11.216257 0.074898 0.006701
157 11.360517 0.076087 0.006814
158 11.505697 0.077380 0.006915
159 11.651800 0.078773 0.007026
160 11.798824 0.080302 0.007147
161 11.946771 0.081858 0.007278
162 12.095638 0.083501 0.007407
163 12.245428 0.085195 0.007536
164 12.396140 0.086953 0.007683
165 12.547773 0.088694 0.007822
166 12.700329 0.090451 0.007969
167 12.853806 0.092281 0.008133
168 13.008204 0.094075 0.008270
169 13.163525 0.095871 0.008421
170 13.319767 0.097651 0.008567
171 13.476931 0.099415 0.008720
172 13.635016 0.101249 0.008874
173 13.794024 0.103030 0.009027
174 13.953954 0.104771 0.009175
175 14.114805 0.106524 0.009331
176 14.276578 0.108168 0.009478
177 14.439273 0.109900 0.009635
178 14.602889 0.111608 0.009787
179 14.767427 0.113255 0.009950
180 14.932887 0.114834 0.010080
181 15.099269 0.116645 0.010227
182 15.266573 0.118410 0.010386
183 15.434798 0.120172 0.010525
184 15.603946 0.121764 0.010671
185 15.774014 0.123510 0.010827
186 15.945005 0.125288 0.010970
187 16.116919 0.126973 0.011109
188 16.289753 0.128736 0.011273
189 16.463509 0.130551 0.011436
190 16.638187 0.132274 0.011587
191 16.813787 0.133983 0.011731
192 16.990309 0.135682 0.011885
193 17.167751 0.137302 0.012053
194 17.346117 0.139021 0.012195
195 17.525404 0.140722 0.012342
196 17.705612 0.142314 0.012483
197 17.886742 0.143994 0.012625
198 18.068794 0.145585 0.012773
199 18.251768 0.147225 0.012916
200 18.435663 0.148819 0.013067
201 18.620481 0.150409 0.013213
202 18.806221 0.151980 0.013359
203 18.992882 0.153582 0.013492
204 19.180464 0.155211 0.013641
205 19.368969 0.156757 0.013784
206 19.558395 0.158328 0.013910
207 19.748743 0.159858 0.014034
208 19.940014 0.161501 0.014176
209 20.132206 0.162999 0.014313
210 20.325319 0.164549 0.014444
211 20.519354 0.166033 0.014585
212 20.714312 0.167460 0.014711
213 20.910191 0.168992 0.014844
214 21.106991 0.170470 0.014968
215 21.304714 0.172114 0.015112
216 21.503359 0.173561 0.015237
217 21.702925 0.174991 0.015369
218 21.903412 0.176488 0.015517
219 22.104822 0.177952 0.015637
220 22.307154 0.179379 0.015763
221 22.510406 0.180849 0.015876
222 22.714581 0.182291 0.016016
223 22.919678 0.183809 0.016145
224 23.125696 0.185228 0.016257
225 23.332636 0.186664 0.016386
226 23.540499 0.188058 0.016524
227 23.749283 0.189344 0.016634
228 23.958988 0.190756 0.016758
229 24.169615 0.192134 0.016868
230 24.381165 0.193493 0.016995
231 24.593636 0.194913 0.017119
232 24.807028 0.196252 0.017234
233 25.021343 0.197606 0.017349
234 25.236580 0.199005 0.017469
235 25.452738 0.200416 0.017581
236 25.669817 0.201845 0.017696
237 25.887819 0.203131 0.017808
238 26.106743 0.204535 0.017927
239 26.326588 0.205907 0.018042
240 26.547356 0.207268 0.018151
241 26.769045 0.208503 0.018246
242 26.991655 0.209732 0.018329
243 27.215187 0.211014 0.018433
244 27.439642 0.212337 0.018542
245 27.665018 0.213553 0.018646
246 27.891315 0.214787 0.018740
247 28.118534 0.216098 0.018841
248 28.346676 0.217472 0.018948
249 28.575739 0.218889 0.019063
250 28.805723 0.220199 0.019173
251 29.036631 0.221555 0.019291
252 29.268459 0.222782 0.019401
253 29.501209 0.224053 0.019504
254 29.734880 0.225335 0.019598
255 29.969475 0.226655 0.019707
256 30.204990 0.227930 0.019804
257 30.441427 0.229087 0.019906
258 30.678787 0.230287 0.020004
259 30.917068 0.231464 0.020101
260 31.156271 0.232677 0.020198
261 31.396395 0.233937 0.020292
262 31.637442 0.235127 0.020402
263 31.879410 0.236400 0.020497
264 32.122299 0.237616 0.020601
265 32.366112 0.238752 0.020697
266 32.610844 0.240025 0.020797
267 32.856499 0.241136 0.020892
268 33.103077 0.242384 0.020983
269 33.350574 0.243585 0.021072
270 33.598995 0.244707 0.021177
271 33.848339 0.245952 0.021273
272 34.098602 0.247230 0.021368
273 34.349789 0.248383 0.021452
274 34.601898 0.249547 0.021547
275 34.854927 0.250683 0.021635
276 35.108879 0.251867 0.021721
277 35.363750 0.253004 0.021821
278 35.619545 0.254263 0.021927
279 35.876263 0.255483 0.022020
280 36.133900 0.256640 0.022114
281 36.392460 0.257738 0.022207
282 36.651943 0.258907 0.022302
283 36.912346 0.260068 0.022389
284 37.173672 0.261194 0.022494
285 37.435921 0.262317 0.022576
286 37.699089 0.263441 0.022657
287 37.963181 0.264625 0.022748
288 38.228191 0.265791 0.022837
289 38.494125 0.266864 0.022921
290 38.760983 0.268044 0.023014
291 39.028759 0.269261 0.023102
292 39.297459 0.270435 0.023193
293 39.567081 0.271579 0.023295
294 39.837624 0.272713 0.023387
295 40.109089 0.273851 0.023475
296 40.381477 0.274949 0.023573
297 40.654785 0.275975 0.023645
298 40.929016 0.277100 0.023728
299 41.204170 0.278174 0.023816
300 41.480244 0.279281 0.023905
301 41.757240 0.280362 0.023992
302 42.035156 0.281433 0.024073
303 42.313995 0.282375 0.024146
304 42.593758 0.283437 0.024235
305 42.874439 0.284488 0.024305
306 43.156044 0.285573 0.024389
307 43.438572 0.286594 0.024466
308 43.722019 0.287570 0.024527
309 44.006390 0.288625 0.024613
310 44.291683 0.289639 0.024695
311 44.577896 0.290670 0.024776
312 44.865032 0.291607 0.024847
313 45.153088 0.292604 0.024915
314 45.442066 0.293690 0.024996
315 45.731968 0.294656 0.025075
316 46.022789 0.295691 0.025150
317 46.314533 0.296753 0.025220
318 46.607201 0.297811 0.025292
319 46.900787 0.298883 0.025352
320 47.195297 0.299804 0.025428
321 47.490730 0.300793 0.025503
322 47.787083 0.301754 0.025575
323 48.084358 0.302810 0.025652
324 48.382557 0.303805 0.025725
325 48.681675 0.304714 0.025783
326 48.981716 0.305669 0.025851
327 49.282677 0.306564 0.025918
328 49.584560 0.307570 0.025992
329 49.887367 0.308639 0.026075
330 50.191093 0.309558 0.026154
331 50.495743 0.310504 0.026226
332 50.801315 0.311457 0.026302
333 51.107807 0.312445 0.026366
334 51.415222 0.313356 0.026427
335 51.723560 0.314364 0.026506
336 52.032818 0.315336 0.026584
337 52.342999 0.316273 0.026659
338 52.654099 0.317223 0.026729
339 52.966122 0.318164 0.026791
340 53.279068 0.319109 0.026866
341 53.592934 0.320047 0.026928
342 53.907722 0.321058 0.027002
343 54.223434 0.321942 0.027066
344 54.540066 0.322899 0.027142
345 54.857620 0.323834 0.027216
346 55.176098 0.324789 0.027291
347 55.495495 0.325693 0.027364
348 55.815815 0.326606 0.027424
349 56.137058 0.327562 0.027494
350 56.459221 0.328393 0.027570
351 56.782307 0.329350 0.027629
352 57.106312 0.330216 0.027693
353 57.431240 0.331094 0.027769
354 57.757092 0.331982 0.027830
355 58.083862 0.332814 0.027897
356 58.411556 0.333737 0.027953
357 58.740173 0.334594 0.028021
358 59.069710 0.335459 0.028085
359 59.400169 0.336356 0.028149
360 59.731552 0.337218 0.028212
361 60.063854 0.338090 0.028285
362 60.397079 0.339017 0.028348
363 60.731224 0.339923 0.028418
364 61.066292 0.340789 0.028497
365 61.402283 0.341629 0.028556
366 61.739193 0.342497 0.028624
367 62.077026 0.343316 0.028688
368 62.415783 0.344179 0.028743
369 62.755459 0.345010 0.028807
370 63.096058 0.345899 0.028869
371 63.437580 0.346785 0.028946
372 63.780022 0.347624 0.029017
373 64.123383 0.348491 0.029075
374 64.467667 0.349331 0.029135
375 64.812874 0.350191 0.029191
376 65.159004 0.350999 0.029256
377 65.506058 0.351705 0.029299
378 65.854034 0.352582 0.029363
379 66.202927 0.353438 0.029427
380 66.552742 0.354221 0.029484
381 66.903481 0.355087 0.029546
382 67.255142 0.355797 0.029596
383 67.607727 0.356649 0.029650
384 67.961227 0.357444 0.029702
385 68.315651 0.358242 0.029765
386 68.670998 0.358985 0.029813
387 69.027267 0.359738 0.029855
388 69.384460 0.360446 0.029901
389 69.742577 0.361296 0.029963
390 70.101608 0.362066 0.030025
391 70.461563 0.362793 0.030075
392 70.822441 0.363560 0.030124
393 71.184242 0.364324 0.030177
394 71.546967 0.365150 0.030242
395 71.910606 0.365993 0.030306
396 72.275169 0.366698 0.030354
397 72.640656 0.367472 0.030407
398 73.007065 0.368353 0.030463
399 73.374397 0.369101 0.030525
400 73.742653 0.369948 0.030584
401 74.111824 0.370694 0.030633
402 74.481918 0.371479 0.030696
403 74.852936 0.372211 0.030746
404 75.224876 0.373039 0.030799
405 75.597740 0.373824 0.030856
406 75.971519 0.374576 0.030910
407 76.346222 0.375312 0.030966
408 76.721848 0.376173 0.031022
409 77.098396 0.376929 0.031073
410 77.475868 0.377672 0.031121
411 77.854263 0.378409 0.031168
412 78.233574 0.379153 0.031227
413 78.613808 0.379939 0.031290
414 78.994965 0.380613 0.031339
415 79.377045 0.381355 0.031396
416 79.760048 0.382048 0.031439
417 80.143974 0.382744 0.031485
418 80.528816 0.383514 0.031538
419 80.914581 0.384210 0.031592
420 81.301270 0.384987 0.031643
421 81.688881 0.385699 0.031696
422 82.077415 0.386478 0.031744
423 82.466866 0.387245 0.031807
424 82.857239 0.388033 0.031858
425 83.248535 0.388862 0.031915
426 83.640755 0.389615 0.031960
427 84.033897 0.390333 0.032000
428 84.427963 0.391032 0.032047
429 84.822945 0.391748 0.032098
430 85.218849 0.392498 0.032142
431 85.615677 0.393240 0.032193
432 86.013428 0.393977 0.032247
433 86.412102 0.394616 0.032292
434 86.811691 0.395237 0.032333
435 87.212204 0.395924 0.032390
436 87.613640 0.396539 0.032433
437 88.015999 0.397251 0.032477
438 88.419281 0.397974 0.032524
439 88.823486 0.398671 0.032574
440 89.228607 0.399353 0.032632
441 89.634651 0.399993 0.032682
442 90.041618 0.400627 0.032725
443 90.449509 0.401421 0.032783
444 90.858322 0.402205 0.032825
445 91.268051 0.402851 0.032878
446 91.678703 0.403529 0.032929
447 92.090279 0.404222 0.032977
448 92.502777 0.404874 0.033019
449 92.916199 0.405606 0.033066
450 93.330544 0.406283 0.033109
451 93.745804 0.406941 0.033155
452 94.161987 0.407617 0.033210
453 94.579094 0.408274 0.033257
454 94.997124 0.408997 0.033303
455 95.416077 0.409656 0.033352
456 95.835945 0.410271 0.033401
457 96.256737 0.410917 0.033452
458 96.678452 0.411599 0.033493
459 97.101089 0.412225 0.033542
460 97.524651 0.412934 0.033592
461 97.949135 0.413618 0.033638
462 98.374535 0.414250 0.033688
463 98.800858 0.414918 0.033727
464 99.228104 0.415615 0.033782
465 99.656273 0.416243 0.033830
466 100.085365 0.416858 0.033875
467 100.515381 0.417477 0.033928
468 100.946312 0.418180 0.033977
469 101.378166 0.418797 0.034011
470 101.810944 0.419417 0.034062
471 102.244644 0.420022 0.034108
472 102.679268 0.420659 0.034148
473 103.114807 0.421270 0.034192
474 103.551270 0.421892 0.034233
475 103.988655 0.422482 0.034274
476 104.426964 0.423118 0.034319
477 104.866196 0.423679 0.034363
478 105.306351 0.424295 0.034414
479 105.747421 0.424941 0.034459
480 106.189415 0.425504 0.034502
481 106.632332 0.426193 0.034547
482 107.076172 0.426822 0.034590
483 107.520935 0.427422 0.034636
484 107.966614 0.427977 0.034679
485 108.413216 0.428639 0.034720
486 108.860741 0.429269 0.034754
487 109.309189 0.429899 0.034806
488 109.758560 0.430529 0.034852
489 110.208855 0.431111 0.034890
490 110.660065 0.431740 0.034936
491 111.112198 0.432408 0.034970
492 111.565254 0.432951 0.035015
493 112.019234 0.433469 0.035053
494 112.474136 0.434080 0.035098
495 112.929955 0.434680 0.035143
496 113.386696 0.435234 0.035186
497 113.844360 0.435769 0.035225
498 114.302948 0.436356 0.035267
499 114.762459 0.437061 0.035307
500 115.222893 0.437626 0.035343
501 115.684242 0.438188 0.035387
502 116.146515 0.438711 0.035425
503 116.609711 0.439375 0.035472
504 117.073830 0.439954 0.035514
505 117.538872 0.440519 0.035552
506 118.004829 0.441091 0.035595
507 118.471710 0.441614 0.035640
508 118.939514 0.442175 0.035672
509 119.408241 0.442781 0.035722
510 119.877892 0.443339 0.035763
511 120.348465 0.444006 0.035809
512 120.819954 0.444540 0.035847
513 121.292366 0.445080 0.035891
514 121.765701 0.445668 0.035932
515 122.239960 0.446166 0.035967
516 122.715141 0.446749 0.036004
517 123.191246 0.447303 0.036042
518 123.668266 0.447857 0.036085
519 124.146210 0.448414 0.036120
520 124.625076 0.449006 0.036167
521 125.104866 0.449562 0.036208
522 125.585579 0.450066 0.036246
523 126.067207 0.450583 0.036285
524 126.549759 0.451172 0.036333
525 127.033234 0.451691 0.036366
526 127.517632 0.452219 0.036403
527 128.002945 0.452721 0.036433
528 128.489182 0.453254 0.036473
529 128.976349 0.453784 0.036515
530 129.464432 0.454376 0.036553
531 129.953430 0.454895 0.036592
532 130.443359 0.455568 0.036630
533 130.934204 0.456075 0.036667
534 131.425980 0.456592 0.036701
535 131.918671 0.457169 0.036748
536 132.412292 0.457714 0.036789
537 132.906830 0.458269 0.036828
538 133.402283 0.458758 0.036868
539 133.898666 0.459316 0.036903
540 134.395966 0.459850 0.036930
541 134.894196 0.460373 0.036971
542 135.393341 0.460878 0.037011
543 135.893402 0.461417 0.037044
544 136.394394 0.461898 0.037078
545 136.896301 0.462393 0.037112
546 137.399139 0.462908 0.037145
547 137.902893 0.463414 0.037176
548 138.407562 0.463994 0.037220
549 138.913162 0.464505 0.037251
550 139.419678 0.465061 0.037282
551 139.927124 0.465632 0.037324
552 140.435486 0.466088 0.037359
553 140.944778 0.466629 0.037395
554 141.454987 0.467168 0.037439
555 141.966110 0.467631 0.037476
556 142.478165 0.468117 0.037510
557 142.991135 0.468622 0.037547
558 143.505035 0.469095 0.037587
559 144.019852 0.469663 0.037623
560 144.535583 0.470179 0.037661
561 145.052246 0.470720 0.037698
562 145.569824 0.471285 0.037734
563 146.088333 0.471853 0.037766
564 146.607758 0.472338 0.037800
565 147.128098 0.472886 0.037840
566 147.649368 0.473397 0.037872
567 148.171555 0.473885 0.037908
568 148.694672 0.474441 0.037942
569 149.218704 0.474923 0.037979
570 149.743652 0.475417 0.038009
571 150.269531 0.475910 0.038046
572 150.796326 0.476503 0.038091
573 151.324051 0.476997 0.038124
574 151.852692 0.477508 0.038167
575 152.382263 0.478004 0.038207
576 152.912750 0.478493 0.038237
577 153.444153 0.478984 0.038272
578 153.976486 0.479465 0.038305
579 154.509735 0.479968 0.038346
580 155.043915 0.480486 0.038377
581 155.579010 0.480937 0.038408
582 156.115021 0.481378 0.038434
583 156.651962 0.481818 0.038470
584 157.189819 0.482261 0.038509
585 157.728607 0.482722 0.038539
586 158.268311 0.483292 0.038576
587 158.808929 0.483713 0.038612
588 159.350479 0.484190 0.038652
589 159.892944 0.484666 0.038684
590 160.436340 0.485194 0.038723
591 160.980652 0.485725 0.038761
592 161.525894 0.486218 0.038793
593 162.072052 0.486644 0.038827
594 162.619125 0.487080 0.038855
595 163.167130 0.487588 0.038897
596 163.716049 0.488103 0.038932
597 164.265900 0.488630 0.038970
598 164.816666 0.489109 0.039001
599 165.368347 0.489575 0.039037
600 165.920959 0.489991 0.039073
601 166.474487 0.490500 0.039108
602 167.028946 0.491029 0.039137
603 167.584320 0.491537 0.039178
604 168.140610 0.491976 0.039216
605 168.697830 0.492469 0.039249
606 169.255966 0.492976 0.039280
607 169.815033 0.493431 0.039314
608 170.375015 0.493889 0.039355
609 170.935913 0.494387 0.039389
610 171.497742 0.494808 0.039422
611 172.060486 0.495275 0.039453
612 172.624161 0.495715 0.039481
613 173.188751 0.496206 0.039523
614 173.754272 0.496606 0.039549
615 174.320709 0.497024 0.039580
616 174.888062 0.497485 0.039611
617 175.456345 0.497935 0.039634
618 176.025543 0.498373 0.039670
619 176.595673 0.498790 0.039697
620 177.166718 0.499180 0.039725
621 177.738678 0.499591 0.039747
622 178.311569 0.500000 0.039783
623 178.885376 0.500455 0.039815
624 179.460114 0.500950 0.039846
625 180.035767 0.501381 0.039878
626 180.612335 0.501827 0.039911
627 181.189835 0.502306 0.039946
628 181.768250 0.502732 0.039974
629 182.347595 0.503155 0.040003
630 182.927856 0.503649 0.040034
631 183.509033 0.504169 0.040071
632 184.091141 0.504567 0.040103
633 184.674164 0.504987 0.040136
634 185.258118 0.505430 0.040165
635 185.842987 0.505865 0.040198
636 186.428787 0.506263 0.040226
637 187.015503 0.506730 0.040256
638 187.603134 0.507211 0.040293
639 188.191696 0.507544 0.040317
640 188.781174 0.507959 0.040344
641 189.371582 0.508368 0.040377
642 189.962906 0.508742 0.040398
643 190.555145 0.509180 0.040429
644 191.148315 0.509556 0.040457
645 191.742401 0.509984 0.040485
646 192.337418 0.510346 0.040516
647 192.933350 0.510706 0.040540
648 193.530197 0.511143 0.040571
649 194.127975 0.511545 0.040603
650 194.726669 0.511994 0.040636
651 195.326294 0.512410 0.040673
652 195.926834 0.512845 0.040703
653 196.528305 0.513292 0.040734
654 197.130692 0.513666 0.040762
655 197.733994 0.514094 0.040789
656 198.338226 0.514527 0.040815
657 198.943375 0.514888 0.040839
658 199.549454 0.515362 0.040865
659 200.156448 0.515769 0.040893
660 200.764359 0.516164 0.040919
661 201.373199 0.516546 0.040943
662 201.982956 0.516904 0.040975
663 202.593643 0.517286 0.041009
664 203.205246 0.517660 0.041034
665 203.817764 0.518036 0.041066
666 204.431213 0.518447 0.041094
667 205.045578 0.518872 0.041124
668 205.660873 0.519316 0.041154
669 206.277084 0.519752 0.041187
670 206.894211 0.520173 0.041217
671 207.512268 0.520522 0.041252
672 208.131241 0.520914 0.041274
673 208.751144 0.521322 0.041304
674 209.371964 0.521760 0.041334
675 209.993713 0.522167 0.041366
676 210.616379 0.522629 0.041398
677 211.239960 0.522956 0.041420
678 211.864471 0.523353 0.041448
679 212.489899 0.523706 0.041479
680 213.116257 0.524089 0.041507
681 213.743530 0.524488 0.041534
682 214.371719 0.524850 0.041556
683 215.000839 0.525286 0.041587
684 215.630875 0.525716 0.041612
685 216.261841 0.526113 0.041640
686 216.893723 0.526530 0.041678
687 217.526520 0.526936 0.041701
688 218.160248 0.527350 0.041732
689 218.794891 0.527748 0.041756
690 219.430466 0.528163 0.041779
691 220.066956 0.528516 0.041806
692 220.704376 0.528831 0.041830
693 221.342712 0.529191 0.041854
694 221.981964 0.529577 0.041880
695 222.622147 0.529952 0.041902
696 223.263245 0.530368 0.041932
697 223.905273 0.530738 0.041955
698 224.548218 0.531120 0.041980
699 225.192078 0.531488 0.042008
700 225.836868 0.531846 0.042034
701 226.482574 0.532195 0.042057
702 227.129211 0.532546 0.042077
703 227.776764 0.532917 0.042105
704 228.425232 0.533311 0.042132
705 229.074631 0.533729 0.042159
706 229.724945 0.534069 0.042187
707 230.376190 0.534473 0.042216
708 231.028351 0.534796 0.042245
709 231.681427 0.535192 0.042269
710 232.335434 0.535543 0.042293
711 232.990356 0.535946 0.042316
712 233.646210 0.536370 0.042347
713 234.302979 0.536766 0.042376
714 234.960678 0.537149 0.042397
715 235.619293 0.537542 0.042421
716 236.278824 0.537893 0.042446
717 236.939285 0.538276 0.042472
718 237.600662 0.538670 0.042505
719 238.262970 0.539005 0.042535
720 238.926193 0.539397 0.042560
721 239.590332 0.539777 0.042582
722 240.255402 0.540203 0.042605
723 240.921387 0.540518 0.042631
724 241.588303 0.540874 0.042658
725 242.256134 0.541247 0.042684
726 242.924881 0.541605 0.042706
727 243.594559 0.541953 0.042726
728 244.265152 0.542318 0.042753
729 244.936676 0.542646 0.042783
730 245.609116 0.543042 0.042813
731 246.282471 0.543333 0.042838
732 246.956757 0.543754 0.042868
733 247.631958 0.544070 0.042890
734 248.308090 0.544460 0.042919
735 248.985138 0.544816 0.042941
736 249.663116 0.545183 0.042960
737 250.342010 0.545513 0.042980
738 251.021820 0.545893 0.043007
739 251.702560 0.546249 0.043036
740 252.384216 0.546617 0.043072
741 253.066803 0.546958 0.043093
742 253.750305 0.547315 0.043120
743 254.434723 0.547695 0.043143
744 255.120071 0.548067 0.043172
745 255.806335 0.548432 0.043200
746 256.493530 0.548754 0.043225
747 257.181641 0.549126 0.043256
748 257.870667 0.549513 0.043279
749 258.560608 0.549867 0.043298
750 259.251495 0.550182 0.043322
751 259.943298 0.550511 0.043342
752 260.636017 0.550822 0.043369
753 261.329651 0.551168 0.043394
754 262.024200 0.551519 0.043418
755 262.719696 0.551873 0.043443
756 263.416107 0.552219 0.043472
757 264.113434 0.552576 0.043497
758 264.811676 0.552924 0.043520
759 265.510834 0.553265 0.043539
760 266.210938 0.553647 0.043572
761 266.911957 0.553959 0.043593
762 267.613892 0.554338 0.043616
763 268.316742 0.554689 0.043644
764 269.020538 0.555053 0.043669
765 269.725250 0.555395 0.043690
766 270.430878 0.555726 0.043713
767 271.137421 0.556095 0.043739
768 271.844879 0.556408 0.043761
769 272.553284 0.556806 0.043790
770 273.262604 0.557100 0.043815
771 273.972839 0.557444 0.043838
772 274.683990 0.557806 0.043858
773 275.396057 0.558165 0.043883
774 276.109070 0.558507 0.043905
775 276.822998 0.558856 0.043927
776 277.537842 0.559165 0.043949
777 278.253601 0.559531 0.043968
778 278.970276 0.559881 0.043990
779 279.687897 0.560256 0.044019
780 280.406433 0.560622 0.044046
781 281.125885 0.560941 0.044069
782 281.846252 0.561365 0.044090
783 282.567535 0.561733 0.044111
784 283.289764 0.562071 0.044137
785 284.012909 0.562398 0.044164
786 284.736969 0.562732 0.044187
787 285.461945 0.563018 0.044210
788 286.187836 0.563351 0.044235
789 286.914673 0.563701 0.044254
790 287.642426 0.564044 0.044288
791 288.371094 0.564424 0.044314
792 289.100677 0.564731 0.044339
793 289.831177 0.565052 0.044362
794 290.562622 0.565382 0.044385
795 291.294983 0.565679 0.044409
796 292.028259 0.566026 0.044433
797 292.762451 0.566347 0.044457
798 293.497559 0.566669 0.044478
799 294.233612 0.566997 0.044499
800 294.970581 0.567358 0.044519
801 295.708466 0.567701 0.044544
802 296.447266 0.568030 0.044566
803 297.187012 0.568364 0.044592
804 297.927673 0.568758 0.044623
805 298.669250 0.569115 0.044652
806 299.411743 0.569435 0.044671
807 300.155151 0.569708 0.044693
808 300.899506 0.570014 0.044718
809 301.644775 0.570344 0.044737
810 302.390961 0.570726 0.044759
811 303.138062 0.571066 0.044786
812 303.886078 0.571378 0.044805
813 304.635040 0.571722 0.044829
814 305.384918 0.572060 0.044853
815 306.135712 0.572356 0.044872
816 306.887421 0.572668 0.044892
817 307.640045 0.572997 0.044910
818 308.393616 0.573328 0.044928
819 309.148102 0.573663 0.044951
820 309.903503 0.573973 0.044977
821 310.659821 0.574283 0.044999
822 311.417053 0.574563 0.045015
823 312.175232 0.574841 0.045040
824 312.934326 0.575173 0.045061
825 313.694336 0.575454 0.045080
826 314.455261 0.575786 0.045103
827 315.217102 0.576087 0.045131
828 315.979889 0.576431 0.045159
829 316.743591 0.576743 0.045179
830 317.508209 0.576999 0.045197
831 318.273743 0.577282 0.045216
832 319.040192 0.577593 0.045238
833 319.807587 0.577905 0.045262
834 320.575897 0.578180 0.045284
835 321.345123 0.578486 0.045307
836 322.115265 0.578797 0.045330
837 322.886322 0.579124 0.045360
838 323.658325 0.579489 0.045389
839 324.431244 0.579797 0.045407
840 325.205078 0.580141 0.045429
841 325.979828 0.580456 0.045455
842 326.755493 0.580786 0.045478
843 327.532104 0.581062 0.045496
844 328.309631 0.581354 0.045516
845 329.088074 0.581661 0.045536
846 329.867432 0.581961 0.045552
847 330.647736 0.582255 0.045572
848 331.428955 0.582512 0.045593
849 332.211090 0.582837 0.045617
850 332.994141 0.583187 0.045638
851 333.778107 0.583498 0.045660
852 334.563019 0.583761 0.045683
853 335.348846 0.584062 0.045702
854 336.135590 0.584311 0.045723
855 336.923248 0.584619 0.045738
856 337.711823 0.584918 0.045760
857 338.501343 0.585196 0.045781
858 339.291779 0.585459 0.045802
859 340.083130 0.585756 0.045823
860 340.875397 0.586072 0.045850
861 341.668579 0.586387 0.045874
862 342.462708 0.586710 0.045898
863 343.257751 0.587008 0.045918
864 344.053711 0.587324 0.045937
865 344.850586 0.587655 0.045959
866 345.648376 0.587940 0.045982
867 346.447113 0.588223 0.046000
868 347.246765 0.588513 0.046022
869 348.047333 0.588828 0.046043
870 348.848816 0.589142 0.046065
871 349.651215 0.589419 0.046085
872 350.454559 0.589678 0.046104
873 351.258820 0.589956 0.046120
874 352.063995 0.590188 0.046134
875 352.870087 0.590502 0.046162
876 353.677094 0.590729 0.046177
877 354.485046 0.591026 0.046198
878 355.293915 0.591285 0.046216
879 356.103699 0.591565 0.046241
880 356.914398 0.591816 0.046261
881 357.726013 0.592090 0.046284
882 358.538574 0.592365 0.046302
883 359.352051 0.592626 0.046319
884 360.166443 0.592943 0.046337
885 360.981750 0.593255 0.046356
886 361.798004 0.593569 0.046379
887 362.615173 0.593819 0.046396
888 363.433258 0.594138 0.046422
889 364.252258 0.594442 0.046448
890 365.072174 0.594686 0.046468
891 365.893036 0.594947 0.046483
892 366.714813 0.595229 0.046500
893 367.537506 0.595445 0.046519
894 368.361115 0.595761 0.046544
895 369.185638 0.596009 0.046561
896 370.011108 0.596314 0.046586
897 370.837494 0.596557 0.046609
898 371.664795 0.596823 0.046631
899 372.493011 0.597127 0.046654
900 373.322144 0.597383 0.046673
901 374.152222 0.597698 0.046692
902 374.983215 0.597957 0.046709
903 375.815125 0.598245 0.046724
904 376.647949 0.598521 0.046740
905 377.481689 0.598783 0.046760
906 378.316376 0.599045 0.046779
907 379.151978 0.599307 0.046800
908 379.988495 0.599573 0.046813
909 380.825928 0.599842 0.046833
910 381.664276 0.600068 0.046845
911 382.503571 0.600293 0.046861
912 383.343781 0.600551 0.046880
913 384.184906 0.600843 0.046898
914 385.026947 0.601042 0.046914
915 385.869904 0.601322 0.046937
916 386.713806 0.601564 0.046956
917 387.558624 0.601822 0.046977
918 388.404358 0.602100 0.046999
919 389.251007 0.602392 0.047016
920 390.098572 0.602683 0.047030
921 390.947083 0.602939 0.047051
922 391.796509 0.603210 0.047077
923 392.646851 0.603448 0.047092
924 393.498108 0.603708 0.047107
925 394.350311 0.603951 0.047117
926 395.203430 0.604214 0.047137
927 396.057465 0.604509 0.047161
928 396.912415 0.604773 0.047177
929 397.768280 0.605037 0.047196
930 398.625092 0.605304 0.047218
931 399.482819 0.605601 0.047235
932 400.341461 0.605900 0.047255
933 401.201019 0.606181 0.047281
934 402.061493 0.606430 0.047300
935 402.922913 0.606747 0.047327
936 403.785248 0.606989 0.047344
937 404.648499 0.607245 0.047361
938 405.512665 0.607501 0.047376
939 406.377747 0.607762 0.047394
940 407.243774 0.607995 0.047411
941 408.110718 0.608256 0.047425
942 408.978577 0.608498 0.047444
943 409.847351 0.608735 0.047462
944 410.717041 0.609022 0.047487
945 411.587677 0.609257 0.047505
946 412.459229 0.609491 0.047521
947 413.331696 0.609728 0.047537
948 414.205078 0.609982 0.047553
949 415.079376 0.610281 0.047573
950 415.954620 0.610552 0.047593
951 416.830780 0.610812 0.047616
952 417.707855 0.611119 0.047643
953 418.585846 0.611386 0.047661
954 419.464752 0.611696 0.047684
955 420.344604 0.611991 0.047702
956 421.225372 0.612221 0.047722
957 422.107056 0.612477 0.047745
958 422.989655 0.612727 0.047760
959 423.873169 0.612971 0.047777
960 424.757629 0.613236 0.047794
961 425.643005 0.613507 0.047812
962 426.529297 0.613776 0.047827
963 427.416504 0.614066 0.047852
964 428.304657 0.614352 0.047877
965 429.193726 0.614603 0.047897
966 430.083710 0.614809 0.047912
967 430.974609 0.615077 0.047927
968 431.866425 0.615297 0.047943
969 432.759186 0.615548 0.047954
970 433.652863 0.615802 0.047970
971 434.547455 0.616111 0.047987
972 435.442963 0.616365 0.048003
973 436.339386 0.616632 0.048015
974 437.236755 0.616880 0.048031
975 438.135040 0.617134 0.048053
976 439.034241 0.617380 0.048071
977 439.934357 0.617636 0.048091
978 440.835388 0.617863 0.048111
979 441.737366 0.618100 0.048127
980 442.640259 0.618390 0.048147
981 443.544067 0.618627 0.048162
982 444.448792 0.618850 0.048179
983 445.354431 0.619130 0.048196
984 446.261017 0.619356 0.048209
985 447.168518 0.619604 0.048230
986 448.076935 0.619904 0.048248
987 448.986267 0.620141 0.048266
988 449.896515 0.620409 0.048285
989 450.807709 0.620669 0.048304
990 451.719818 0.620972 0.048333
991 452.632843 0.621196 0.048342
992 453.546783 0.621445 0.048360
993 454.461639 0.621685 0.048379
994 455.377441 0.621955 0.048401
995 456.294159 0.622190 0.048418
996 457.211792 0.622473 0.048433
997 458.130341 0.622724 0.048452
998 459.049805 0.622964 0.048468
999 459.970215 0.623210 0.048484
1000 460.891541 0.623468 0.049609
