Cycle time(h) alpha_mass conn_por total_por frac_conn
50 1.152229 0.021420 552559 553757 0.997837
50 1.152229 0.021420 552559 553757 0.997837
50 1.152229 0.021420 552560 553757 0.997838
100 4.608916 0.038356 542813 544677 0.996578
100 4.608916 0.038356 542818 544677 0.996587
100 4.608916 0.038356 542818 544677 0.996587
150 10.370061 0.067887 524473 527527 0.994211
150 10.370061 0.067887 524494 527527 0.994251
150 10.370061 0.067887 524494 527527 0.994251
200 18.435664 0.148819 472901 479557 0.986121
200 18.435664 0.148819 472875 479557 0.986066
200 18.435664 0.148819 472888 479557 0.986093
250 28.805724 0.220199 424142 435106 0.974802
250 28.805724 0.220199 424094 435106 0.974691
250 28.805724 0.220199 424078 435106 0.974654
300 41.480244 0.279281 383814 400012 0.959506
300 41.480244 0.279281 383862 400012 0.959626
300 41.480244 0.279281 383804 400012 0.959481
350 56.459221 0.328393 350433 372463 0.940853
350 56.459221 0.328393 350450 372463 0.940899
350 56.459221 0.328393 350442 372463 0.940877
400 73.742650 0.369948 322199 350454 0.919376
400 73.742650 0.369948 322272 350454 0.919584
400 73.742650 0.369948 322218 350454 0.919430
450 93.330540 0.406283 296926 332238 0.893715
450 93.330540 0.406283 296992 332238 0.893913
450 93.330540 0.406283 297088 332238 0.894202
500 115.222889 0.437626 274082 317096 0.864350
500 115.222889 0.437626 274144 317096 0.864546
500 115.222889 0.437626 274234 317096 0.864830
550 139.419682 0.465061 255367 304273 0.839269
550 139.419682 0.465061 255581 304273 0.839973
550 139.419682 0.465061 255745 304273 0.840512
600 165.920956 0.489991 236821 292813 0.808779
600 165.920956 0.489991 237002 292813 0.809397
600 165.920956 0.489991 237035 292813 0.809510
650 194.726674 0.511994 219217 282830 0.775084
650 194.726674 0.511994 218798 282830 0.773603
650 194.726674 0.511994 219332 282830 0.775491
700 225.836865 0.531846 202077 273809 0.738022
700 225.836865 0.531846 201670 273809 0.736535
700 225.836865 0.531846 201983 273809 0.737678
750 259.251484 0.550182 185507 265568 0.698529
750 259.251484 0.550182 185061 265568 0.696850
750 259.251484 0.550182 185323 265568 0.697836
800 294.970578 0.567358 168795 257897 0.654505
800 294.970578 0.567358 168234 257897 0.652330
800 294.970578 0.567358 169148 257897 0.655874
850 332.994145 0.583187 150913 250893 0.601503
850 332.994145 0.583187 150940 250893 0.601611
850 332.994145 0.583187 152305 250893 0.607052
900 373.322155 0.597383 135904 244583 0.555656
900 373.322155 0.597383 134934 244583 0.551690
900 373.322155 0.597383 135544 244583 0.554184
950 415.954609 0.610552 119851 238829 0.501828
950 415.954609 0.610552 118895 238829 0.497825
950 415.954609 0.610552 120544 238829 0.504729
1000 460.891537 0.623468 104801 232022 0.451686
1000 460.891537 0.623468 104452 232022 0.450181
1000 460.891537 0.623468 106126 232022 0.457396
1000 460.891537 0.623468 104801 232022 0.451686
1000 460.891537 0.623468 104452 232022 0.450181
1000 460.891537 0.623468 106126 232022 0.457396
